# Experimental sample (obstacle trajectories) - time in milliseconds, distance in meters
# (NaN measurements indicate the corresponding object is outside the working space)
#   t | obj1_x  obj1_y  | obj2_x  obj2_y  | obj3_x  obj3_y  | obj4_x  obj4_y | robot_x robot_y
    0      NaN     NaN       NaN     NaN       NaN     NaN    2.1250  0.8496    0.8497  0.0002
   10      NaN     NaN       NaN     NaN       NaN     NaN    2.1247  0.8504    0.8525  0.0101
   20      NaN     NaN       NaN     NaN       NaN     NaN    2.1253  0.8502    0.8548  0.0195
   30      NaN     NaN       NaN     NaN       NaN     NaN    2.1246  0.8499    0.8563  0.0290
   40      NaN     NaN       NaN     NaN       NaN     NaN    2.1249  0.8500    0.8584  0.0394
   50      NaN     NaN       NaN     NaN       NaN     NaN    2.1252  0.8498    0.8605  0.0487
   60      NaN     NaN       NaN     NaN       NaN     NaN    2.1246  0.8498    0.8635  0.0579
   70      NaN     NaN       NaN     NaN       NaN     NaN    2.1253  0.8500    0.8655  0.0674
   80      NaN     NaN       NaN     NaN       NaN     NaN    2.1254  0.8503    0.8682  0.0771
   90      NaN     NaN       NaN     NaN       NaN     NaN    2.1249  0.8496    0.8702  0.0873
  100      NaN     NaN       NaN     NaN       NaN     NaN    2.1248  0.8500    0.8722  0.0965
  110      NaN     NaN       NaN     NaN       NaN     NaN    2.1254  0.8504    0.8748  0.1060
  120      NaN     NaN       NaN     NaN       NaN     NaN    2.1248  0.8500    0.8771  0.1157
  130      NaN     NaN       NaN     NaN       NaN     NaN    2.1253  0.8499    0.8798  0.1245
  140      NaN     NaN       NaN     NaN       NaN     NaN    2.1253  0.8501    0.8827  0.1339
  150      NaN     NaN       NaN     NaN       NaN     NaN    2.1252  0.8504    0.8846  0.1439
  160      NaN     NaN       NaN     NaN       NaN     NaN    2.1251  0.8504    0.8868  0.1533
  170      NaN     NaN       NaN     NaN       NaN     NaN    2.1255  0.8501    0.8893  0.1620
  180      NaN     NaN       NaN     NaN       NaN     NaN    2.1250  0.8503    0.8924  0.1717
  190      NaN     NaN       NaN     NaN       NaN     NaN    2.1252  0.8505    0.8950  0.1815
  200      NaN     NaN       NaN     NaN       NaN     NaN    2.1251  0.8504    0.8978  0.1902
  210      NaN     NaN       NaN     NaN       NaN     NaN    2.1254  0.8499    0.9001  0.1993
  220      NaN     NaN       NaN     NaN       NaN     NaN    2.1247  0.8505    0.9027  0.2093
  230      NaN     NaN       NaN     NaN       NaN     NaN    2.1253  0.8503    0.9055  0.2182
  240      NaN     NaN       NaN     NaN       NaN     NaN    2.1250  0.8496    0.9083  0.2273
  250      NaN     NaN       NaN     NaN       NaN     NaN    2.1255  0.8503    0.9115  0.2368
  260      NaN     NaN       NaN     NaN       NaN     NaN    2.1248  0.8504    0.9139  0.2459
  270      NaN     NaN       NaN     NaN       NaN     NaN    2.1245  0.8503    0.9166  0.2546
  280      NaN     NaN       NaN     NaN       NaN     NaN    2.1250  0.8498    0.9197  0.2641
  290      NaN     NaN       NaN     NaN       NaN     NaN    2.1249  0.8499    0.9227  0.2726
  300      NaN     NaN       NaN     NaN       NaN     NaN    2.1251  0.8504    0.9255  0.2815
  310      NaN     NaN       NaN     NaN       NaN     NaN    2.1250  0.8495    0.9285  0.2905
  320      NaN     NaN       NaN     NaN       NaN     NaN    2.1245  0.8496    0.9306  0.2995
  330   3.4028  0.0081       NaN     NaN       NaN     NaN    2.1254  0.8503    0.9339  0.3086
  340   3.4059  0.0200       NaN     NaN       NaN     NaN    2.1247  0.8500    0.9370  0.3173
  350   3.4090  0.0309       NaN     NaN       NaN     NaN    2.1247  0.8496    0.9397  0.3265
  360   3.4123  0.0425       NaN     NaN       NaN     NaN    2.1253  0.8504    0.9430  0.3351
  370   3.4158  0.0533       NaN     NaN       NaN     NaN    2.1254  0.8502    0.9457  0.3446
  380   3.4191  0.0641       NaN     NaN       NaN     NaN    2.1251  0.8500    0.9491  0.3535
  390   3.4224  0.0751       NaN     NaN       NaN     NaN    2.1248  0.8501    0.9526  0.3621
  400   3.4258  0.0868       NaN     NaN       NaN     NaN    2.1247  0.8502    0.9552  0.3711
  410   3.4290  0.0980       NaN     NaN       NaN     NaN    2.1247  0.8505    0.9590  0.3792
  420   3.4317  0.1085       NaN     NaN       NaN     NaN    2.1251  0.8501    0.9612  0.3882
  430   3.4345  0.1194       NaN     NaN       NaN     NaN    2.1252  0.8504    0.9652  0.3970
  440   3.4374  0.1312       NaN     NaN       NaN     NaN    2.1253  0.8504    0.9681  0.4052
  450   3.4405  0.1414       NaN     NaN       NaN     NaN    2.1250  0.8504    0.9718  0.4141
  460   3.4431  0.1530       NaN     NaN       NaN     NaN    2.1245  0.8499    0.9745  0.4222
  470   3.4460  0.1636       NaN     NaN       NaN     NaN    2.1247  0.8501    0.9780  0.4310
  480   3.4485  0.1751       NaN     NaN       NaN     NaN    2.1247  0.8503    0.9812  0.4393
  490   3.4510  0.1858       NaN     NaN       NaN     NaN    2.1252  0.8496    0.9850  0.4486
  500   3.4540  0.1963       NaN     NaN       NaN     NaN    2.1247  0.8503    0.9881  0.4565
  510   3.4563  0.2073       NaN     NaN       NaN     NaN    2.1248  0.8496    0.9918  0.4653
  520   3.4592  0.2182       NaN     NaN       NaN     NaN    2.1254  0.8504    0.9945  0.4734
  530   3.4614  0.2289       NaN     NaN       NaN     NaN    2.1254  0.8502    0.9984  0.4820
  540   3.4632  0.2401       NaN     NaN       NaN     NaN    2.1248  0.8501    1.0022  0.4907
  550   3.4658  0.2506       NaN     NaN       NaN     NaN    2.1251  0.8500    1.0053  0.4994
  560   3.4678  0.2614       NaN     NaN       NaN     NaN    2.1248  0.8501    1.0089  0.5077
  570   3.4700  0.2719       NaN     NaN       NaN     NaN    2.1251  0.8497    1.0127  0.5155
  580   3.4720  0.2834       NaN     NaN       NaN     NaN    2.1251  0.8501    1.0159  0.5245
  590   3.4747  0.2938       NaN     NaN       NaN     NaN    2.1252  0.8497    1.0201  0.5328
  600   3.4769  0.3048       NaN     NaN       NaN     NaN    2.1250  0.8500    1.0229  0.5405
  610   3.4788  0.3151       NaN     NaN       NaN     NaN    2.1248  0.8498    1.0269  0.5488
  620   3.4804  0.3254       NaN     NaN       NaN     NaN    2.1255  0.8498    1.0305  0.5575
  630   3.4818  0.3363       NaN     NaN       NaN     NaN    2.1254  0.8496    1.0344  0.5657
  640   3.4841  0.3465       NaN     NaN       NaN     NaN    2.1248  0.8497    1.0386  0.5733
  650   3.4856  0.3570       NaN     NaN       NaN     NaN    2.1254  0.8504    1.0417  0.5813
  660   3.4877  0.3683       NaN     NaN       NaN     NaN    2.1251  0.8500    1.0462  0.5893
  670   3.4888  0.3786       NaN     NaN       NaN     NaN    2.1249  0.8504    1.0493  0.5980
  680   3.4911  0.3892       NaN     NaN       NaN     NaN    2.1250  0.8495    1.0532  0.6055
  690   3.4923  0.3995       NaN     NaN       NaN     NaN    2.1255  0.8496    1.0575  0.6140
  700   3.4939  0.4102       NaN     NaN       NaN     NaN    2.1251  0.8496    1.0611  0.6219
  710   3.4956  0.4205       NaN     NaN       NaN     NaN    2.1248  0.8501    1.0650  0.6302
  720   3.4964  0.4309       NaN     NaN       NaN     NaN    2.1250  0.8498    1.0691  0.6381
  730   3.4975  0.4415       NaN     NaN       NaN     NaN    2.1246  0.8505    1.0730  0.6451
  740   3.4989  0.4521       NaN     NaN       NaN     NaN    2.1246  0.8496    1.0775  0.6533
  750   3.5007  0.4616       NaN     NaN       NaN     NaN    2.1255  0.8495    1.0812  0.6618
  760   3.5012  0.4727       NaN     NaN       NaN     NaN    2.1252  0.8498    1.0851  0.6693
  770   3.5027  0.4827       NaN     NaN       NaN     NaN    2.1245  0.8505    1.0894  0.6769
  780   3.5036  0.4933       NaN     NaN       NaN     NaN    2.1252  0.8499    1.0930  0.6853
  790   3.5044  0.5037       NaN     NaN       NaN     NaN    2.1249  0.8496    1.0973  0.6928
  800   3.5054  0.5136       NaN     NaN       NaN     NaN    2.1252  0.8502    1.1012  0.7005
  810   3.5068  0.5235       NaN     NaN       NaN     NaN    2.1253  0.8503    1.1062  0.7079
  820   3.5074  0.5345       NaN     NaN       NaN     NaN    2.1246  0.8497    1.1098  0.7160
  830   3.5086  0.5443       NaN     NaN       NaN     NaN    2.1248  0.8504    1.1143  0.7233
  840   3.5087  0.5539       NaN     NaN       NaN     NaN    2.1247  0.8504    1.1189  0.7311
  850   3.5093  0.5649       NaN     NaN       NaN     NaN    2.1252  0.8501    1.1226  0.7388
  860   3.5099  0.5743       NaN     NaN       NaN     NaN    2.1250  0.8498    1.1272  0.7465
  870   3.5102  0.5847       NaN     NaN       NaN     NaN    2.1245  0.8499    1.1314  0.7540
  880   3.5108  0.5944       NaN     NaN       NaN     NaN    2.1251  0.8501    1.1361  0.7619
  890   3.5116  0.6053       NaN     NaN       NaN     NaN    2.1247  0.8499    1.1402  0.7685
  900   3.5122  0.6149       NaN     NaN       NaN     NaN    2.1247  0.8502    1.1448  0.7762
  910   3.5123  0.6250       NaN     NaN       NaN     NaN    2.1253  0.8498    1.1493  0.7836
  920   3.5130  0.6353       NaN     NaN       NaN     NaN    2.1253  0.8498    1.1539  0.7916
  930   3.5133  0.6447       NaN     NaN       NaN     NaN    2.1253  0.8496    1.1582  0.7992
  940   3.5131  0.6545       NaN     NaN       NaN     NaN    2.1255  0.8499    1.1623  0.8063
  950   3.5134  0.6647       NaN     NaN       NaN     NaN    2.1246  0.8500    1.1669  0.8131
  960   3.5133  0.6747       NaN     NaN       NaN     NaN    2.1245  0.8497    1.1714  0.8213
  970   3.5136  0.6843   -0.8432  2.8480   -0.8424  3.2720    2.1249  0.8497    1.1758  0.8284
  980   3.5129  0.6942   -0.8115  2.8483   -0.8099  3.2721    2.1246  0.8496    1.1807  0.8357
  990   3.5129  0.7045   -0.7800  2.8484   -0.7767  3.2720    2.1253  0.8498    1.1858  0.8423
 1000   3.5132  0.7143   -0.7485  2.8497   -0.7444  3.2722    2.1248  0.8495    1.1899  0.8499
 1010   3.5132  0.7243   -0.7171  2.8497   -0.7122  3.2716    2.1249  0.8502    1.1951  0.8574
 1020   3.5128  0.7339   -0.6864  2.8499   -0.6803  3.2716    2.1252  0.8503    1.1996  0.8647
 1030   3.5127  0.7438   -0.6560  2.8510   -0.6479  3.2713    2.1246  0.8501    1.2042  0.8713
 1040   3.5114  0.7536   -0.6246  2.8512   -0.6166  3.2709    2.1252  0.8503    1.2093  0.8789
 1050   3.5110  0.7633   -0.5947  2.8519   -0.5848  3.2712    2.1253  0.8499    1.2143  0.8862
 1060   3.5108  0.7723   -0.5645  2.8524   -0.5530  3.2707    2.1251  0.8500    1.2190  0.8932
 1070   3.5109  0.7821   -0.5349  2.8522   -0.5223  3.2705    2.1249  0.8500    1.2235  0.9003
 1080   3.5101  0.7921   -0.5047  2.8528   -0.4905  3.2708    2.1245  0.8498    1.2287  0.9069
 1090   3.5090  0.8013   -0.4758  2.8539   -0.4600  3.2702    2.1249  0.8497    1.2339  0.9136
 1100   3.5088  0.8110   -0.4464  2.8544   -0.4292  3.2709    2.1246  0.8496    1.2388  0.9211
 1110   3.5082  0.8209   -0.4172  2.8545   -0.3983  3.2698    2.1252  0.8500    1.2438  0.9278
 1120   3.5068  0.8299   -0.3888  2.8550   -0.3677  3.2703    2.1246  0.8502    1.2488  0.9344
 1130   3.5057  0.8403   -0.3602  2.8554   -0.3372  3.2698    2.1247  0.8505    1.2543  0.9410
 1140   3.5052  0.8497   -0.3317  2.8558   -0.3075  3.2701    2.1248  0.8504    1.2589  0.9482
 1150   3.5047  0.8592   -0.3032  2.8556   -0.2772  3.2694    2.1253  0.8500    1.2642  0.9546
 1160   3.5037  0.8683   -0.2751  2.8562   -0.2482  3.2695    2.1254  0.8505    1.2701  0.9618
 1170   3.5024  0.8777   -0.2469  2.8561   -0.2179  3.2689    2.1254  0.8504    1.2757  0.9678
 1180   3.5008  0.8870   -0.2194  2.8566   -0.1891  3.2692    2.1250  0.8504    1.2805  0.9743
 1190   3.4999  0.8966   -0.1923  2.8572   -0.1592  3.2690    2.1251  0.8496    1.2858  0.9816
 1200   3.4989  0.9063   -0.1647  2.8570   -0.1309  3.2683    2.1251  0.8495    1.2913  0.9884
 1210   3.4975  0.9157   -0.1380  2.8582   -0.1018  3.2683    2.1249  0.8500    1.2971  0.9948
 1220   3.4957  0.9250   -0.1109  2.8581   -0.0729  3.2686    2.1249  0.8499    1.3025  1.0010
 1230   3.4944  0.9337   -0.0842  2.8578   -0.0442  3.2680    2.1254  0.8505    1.3073  1.0072
 1240   3.4934  0.9439   -0.0582  2.8582   -0.0159  3.2677    2.1250  0.8495    1.3130  1.0143
 1250   3.4920  0.9531   -0.0318  2.8589    0.0125  3.2677    2.1249  0.8500    1.3191  1.0209
 1260   3.4897  0.9617   -0.0056  2.8591    0.0405  3.2670    2.1248  0.8500    1.3245  1.0270
 1270   3.4884  0.9708    0.0196  2.8594    0.0677  3.2670    2.1255  0.8497    1.3305  1.0335
 1280   3.4868  0.9808    0.0450  2.8597    0.0957  3.2670    2.1248  0.8503    1.3360  1.0394
 1290   3.4850  0.9892    0.0709  2.8594    0.1234  3.2669    2.1252  0.8496    1.3415  1.0463
 1300   3.4836  0.9986    0.0963  2.8597    0.1505  3.2661    2.1253  0.8501    1.3469  1.0531
 1310   3.4812  1.0078    0.1204  2.8599    0.1783  3.2667    2.1245  0.8499    1.3529  1.0588
 1320   3.4796  1.0166    0.1452  2.8604    0.2046  3.2657    2.1253  0.8501    1.3585  1.0656
 1330   3.4773  1.0262    0.1703  2.8603    0.2318  3.2659    2.1245  0.8503    1.3640  1.0710
 1340   3.4757  1.0356    0.1949  2.8604    0.2588  3.2655    2.1248  0.8497    1.3704  1.0779
 1350   3.4739  1.0447    0.2190  2.8607    0.2845  3.2652    2.1251  0.8496    1.3759  1.0835
 1360   3.4713  1.0536    0.2425  2.8611    0.3110  3.2656    2.1253  0.8496    1.3814  1.0903
 1370   3.4693  1.0627    0.2663  2.8606    0.3375  3.2647    2.1253  0.8496    1.3880  1.0958
 1380   3.4671  1.0713    0.2902  2.8612    0.3630  3.2644    2.1249  0.8503    1.3935  1.1026
 1390   3.4648  1.0805    0.3128  2.8612    0.3893  3.2643    2.1249  0.8496    1.3994  1.1080
 1400   3.4625  1.0898    0.3364  2.8613    0.4152  3.2644    2.1252  0.8497    1.4056  1.1144
 1410   3.4604  1.0981    0.3593  2.8609    0.4397  3.2639    2.1251  0.8499    1.4115  1.1210
 1420   3.4574  1.1075    0.3817  2.8609    0.4650  3.2639    2.1247  0.8500    1.4178  1.1266
 1430   3.4552  1.1161    0.4046  2.8612    0.4909  3.2633    2.1254  0.8504    1.4236  1.1324
 1440   3.4523  1.1247    0.4270  2.8616    0.5157  3.2637    2.1246  0.8497    1.4293  1.1391
 1450   3.4498  1.1343    0.4489  2.8615    0.5406  3.2628    2.1249  0.8496    1.4361  1.1447
 1460   3.4473  1.1428    0.4702  2.8608    0.5652  3.2628    2.1254  0.8499    1.4418  1.1505
 1470   3.4449  1.1513    0.4920  2.8607    0.5897  3.2626    2.1253  0.8505    1.4482  1.1566
 1480   3.4420  1.1599    0.5141  2.8616    0.6139  3.2625    2.1254  0.8500    1.4538  1.1619
 1490   3.4394  1.1690    0.5355  2.8611    0.6378  3.2621    2.1252  0.8495    1.4597  1.1680
 1500   3.4359  1.1779    0.5563  2.8613    0.6618  3.2618    2.1245  0.8505    1.4660  1.1737
 1510   3.4337  1.1864    0.5775  2.8608    0.6857  3.2615    2.1250  0.8500    1.4727  1.1798
 1520   3.4299  1.1955    0.5973  2.8611    0.7093  3.2616    2.1246  0.8505    1.4787  1.1861
 1530   3.4274  1.2042    0.6177  2.8605    0.7321  3.2612    2.1249  0.8501    1.4851  1.1914
 1540   3.4242  1.2123    0.6383  2.8611    0.7551  3.2613    2.1248  0.8500    1.4908  1.1969
 1550   3.4210  1.2214    0.6588  2.8605    0.7780  3.2610    2.1247  0.8504    1.4974  1.2035
 1560   3.4177  1.2299    0.6786  2.8609    0.8017  3.2599    2.1251  0.8503    1.5032  1.2087
 1570   3.4150  1.2382    0.6981  2.8599    0.8241  3.2605    2.1249  0.8505    1.5099  1.2146
 1580   3.4110  1.2468    0.7178  2.8604    0.8468  3.2594    2.1249  0.8503    1.5163  1.2198
 1590   3.4078  1.2551    0.7361  2.8600    0.8692  3.2590    2.1248  0.8496    1.5221  1.2261
 1600   3.4049  1.2640    0.7559  2.8602    0.8915  3.2587    2.1251  0.8503    1.5290  1.2314
 1610   3.4007  1.2723    0.7746  2.8602    0.9132  3.2588    2.1246  0.8495    1.5351  1.2373
 1620   3.3972  1.2815    0.7930  2.8591    0.9351  3.2582    2.1253  0.8496    1.5414  1.2423
 1630   3.3942  1.2893    0.8116  2.8597    0.9570  3.2586    2.1252  0.8500    1.5478  1.2481
 1640   3.3899  1.2978    0.8301  2.8595    0.9787  3.2582    2.1254  0.8502    1.5540  1.2539
 1650   3.3863  1.3062    0.8475  2.8585    0.9994  3.2577    2.1252  0.8497    1.5602  1.2594
 1660   3.3820  1.3150    0.8652  2.8591    1.0202  3.2575    2.1248  0.8498    1.5669  1.2649
 1670   3.3786  1.3232    0.8829  2.8579    1.0419  3.2572    2.1254  0.8501    1.5729  1.2707
 1680   3.3739  1.3313    0.9008  2.8578    1.0629  3.2569    2.1248  0.8495    1.5795  1.2761
 1690   3.3701  1.3402    0.9181  2.8577    1.0834  3.2568    2.1246  0.8495    1.5861  1.2816
 1700   3.3662  1.3480    0.9347  2.8571    1.1040  3.2561    2.1254  0.8497    1.5926  1.2872
 1710   3.3610  1.3571    0.9511  2.8576    1.1242  3.2563    2.1250  0.8499    1.5982  1.2925
 1720   3.3575  1.3653    0.9683  2.8573    1.1444  3.2554    2.1252  0.8500    1.6046  1.2975
 1730   3.3522  1.3732    0.9840  2.8563    1.1638  3.2550    2.1254  0.8495    1.6111  1.3035
 1740   3.3476  1.3818    1.0007  2.8563    1.1838  3.2552    2.1250  0.8498    1.6182  1.3083
 1750   3.3432  1.3904    1.0166  2.8555    1.2038  3.2549    2.1248  0.8505    1.6246  1.3143
 1760   3.3387  1.3984    1.0323  2.8557    1.2229  3.2550    2.1250  0.8502    1.6306  1.3193
 1770   3.3340  1.4061    1.0478  2.8557    1.2417  3.2544    2.1248  0.8502    1.6371  1.3249
 1780   3.3287  1.4150    1.0633  2.8546    1.2615  3.2537    2.1249  0.8501    1.6436  1.3307
 1790   3.3240  1.4228    1.0780  2.8549    1.2801  3.2537    2.1251  0.8498    1.6500  1.3358
 1800   3.3188  1.4314    1.0931  2.8541    1.2993  3.2533    2.1245  0.8504    1.6562  1.3408
 1810   3.3133  1.4395    1.1073  2.8533    1.3177  3.2532    2.1254  0.8497    1.6626  1.3463
 1820   3.3079  1.4474    1.1222  2.8530    1.3357  3.2526    2.1245  0.8497    1.6691  1.3515
 1830   3.3026  1.4561    1.1367  2.8531    1.3540  3.2520    2.1254  0.8502    1.6754  1.3573
 1840   3.2971  1.4643    1.1509  2.8528    1.3722  3.2525    2.1245  0.8500    1.6822  1.3621
 1850   3.2919  1.4724    1.1650  2.8522    1.3899  3.2521    2.1252  0.8500    1.6884  1.3676
 1860   3.2867  1.4802    1.1781  2.8512    1.4078  3.2519    2.1248  0.8498    1.6948  1.3725
 1870   3.2808  1.4882    1.1915  2.8511    1.4253  3.2509    2.1251  0.8498    1.7018  1.3778
 1880   3.2748  1.4963    1.2047  2.8504    1.4423  3.2511    2.1248  0.8501    1.7076  1.3828
 1890   3.2701  1.5040    1.2186  2.8501    1.4599  3.2504    2.1247  0.8497    1.7142  1.3888
 1900   3.2637  1.5126    1.2311  2.8498    1.4768  3.2503    2.1253  0.8502    1.7206  1.3938
 1910   3.2577  1.5201    1.2436  2.8490    1.4935  3.2500    2.1250  0.8500    1.7276  1.3989
 1920   3.2517  1.5290    1.2558  2.8481    1.5103  3.2498    2.1248  0.8504    1.7340  1.4035
 1930   3.2456  1.5369    1.2680  2.8479    1.5269  3.2495    2.1250  0.8498    1.7407  1.4086
 1940   3.2397  1.5448    1.2807  2.8473    1.5433  3.2492    2.1246  0.8504    1.7471  1.4147
 1950   3.2340  1.5523    1.2921  2.8471    1.5599  3.2487    2.1250  0.8496    1.7526  1.4195
 1960   3.2274  1.5603    1.3040  2.8465    1.5751  3.2483    2.1252  0.8498    1.7597  1.4242
 1970   3.2218  1.5691    1.3160  2.8453    1.5911  3.2478    2.1251  0.8497    1.7662  1.4296
 1980   3.2150  1.5761    1.3263  2.8447    1.6069  3.2477    2.1246  0.8496    1.7724  1.4351
 1990   3.2091  1.5844    1.3380  2.8440    1.6219  3.2471    2.1251  0.8498    1.7783  1.4397
 2000   3.2031  1.5921    1.3491  2.8436    1.6379  3.2471    2.1251  0.8496    1.7845  1.4448
 2010   3.1960  1.6003    1.3598  2.8431    1.6528  3.2465    2.1251  0.8503    1.7909  1.4499
 2020   3.1900  1.6077    1.3702  2.8423    1.6677  3.2454    2.1249  0.8504    1.7977  1.4547
 2030   3.1833  1.6165    1.3806  2.8413    1.6826  3.2459    2.1248  0.8503    1.8046  1.4602
 2040   3.1766  1.6240    1.3913  2.8414    1.6969  3.2452    2.1252  0.8502    1.8107  1.4647
 2050   3.1700  1.6315    1.4014  2.8398    1.7121  3.2446    2.1250  0.8502    1.8171  1.4693
 2060   3.1629  1.6395    1.4113  2.8399    1.7264  3.2443    2.1252  0.8504    1.8235  1.4742
 2070   3.1563  1.6476    1.4203  2.8386    1.7399  3.2446    2.1245  0.8498    1.8294  1.4790
 2080   3.1495  1.6553    1.4306  2.8380    1.7538  3.2442    2.1255  0.8496    1.8356  1.4835
 2090   3.1429  1.6628    1.4399  2.8370    1.7675  3.2431    2.1253  0.8500    1.8422  1.4879
 2100   3.1362  1.6706    1.4487  2.8362    1.7817  3.2432    2.1253  0.8502    1.8486  1.4925
 2110   3.1290  1.6790    1.4582  2.8358    1.7951  3.2427    2.1251  0.8505    1.8548  1.4973
 2120   3.1221  1.6864    1.4667  2.8352    1.8081  3.2421    2.1250  0.8504    1.8614  1.5015
 2130   3.1159  1.6945    1.4756  2.8339    1.8211  3.2423    2.1254  0.8502    1.8682  1.5059
 2140   3.1082  1.7019    1.4846  2.8338    1.8345  3.2414    2.1251  0.8503    1.8748  1.5095
 2150   3.1019  1.7093    1.4931  2.8326    1.8472  3.2413    2.1249  0.8501    1.8804  1.5134
 2160   3.0945  1.7175    1.5009  2.8316    1.8593  3.2411    2.1253  0.8500    1.8869  1.5179
 2170   3.0868  1.7249    1.5096  2.8310    1.8715  3.2408    2.1253  0.8498    1.8939  1.5222
 2180   3.0806  1.7329    1.5174  2.8301    1.8840  3.2403    2.1249  0.8496    1.9004  1.5258
 2190   3.0729  1.7400    1.5247  2.8290    1.8964  3.2395    2.1252  0.8505    1.9064  1.5298
 2200   3.0661  1.7476    1.5332  2.8283    1.9074  3.2388    2.1249  0.8504    1.9129  1.5342
 2210   3.0590  1.7550    1.5402  2.8273    1.9199  3.2391    2.1254  0.8499    1.9194  1.5377
 2220   3.0510  1.7629    1.5477  2.8269    1.9307  3.2385    2.1253  0.8503    1.9256  1.5414
 2230   3.0436  1.7705    1.5557  2.8261    1.9424  3.2378    2.1246  0.8500    1.9317  1.5460
 2240   3.0365  1.7784    1.5629  2.8249    1.9533  3.2380    2.1251  0.8504    1.9386  1.5493
 2250   3.0294  1.7854    1.5691  2.8239    1.9649  3.2375    2.1250  0.8504    1.9453  1.5534
 2260   3.0219  1.7938    1.5768  2.8230    1.9758  3.2365    2.1252  0.8498    1.9511  1.5572
 2270   3.0149  1.8009    1.5832  2.8221    1.9861  3.2361    2.1246  0.8500    1.9582  1.5605
 2280   3.0068  1.8084    1.5894  2.8219    1.9964  3.2355    2.1247  0.8502    1.9647  1.5644
 2290   3.0000  1.8163    1.5959  2.8203    2.0069  3.2358    2.1249  0.8501    1.9711  1.5681
 2300   2.9925  1.8231    1.6028  2.8194    2.0173  3.2354    2.1250  0.8498    1.9776  1.5712
 2310   2.9850  1.8311    1.6087  2.8186    2.0271  3.2347    2.1246  0.8496    1.9836  1.5749
 2320   2.9773  1.8385    1.6149  2.8180    2.0372  3.2339    2.1250  0.8499    1.9900  1.5787
 2330   2.9699  1.8462    1.6211  2.8166    2.0469  3.2339    2.1252  0.8504    1.9964  1.5825
 2340   2.9626  1.8537    1.6273  2.8160    2.0557  3.2334    2.1253  0.8497    2.0030  1.5858
 2350   2.9555  1.8611    1.6330  2.8150    2.0653  3.2326    2.1254  0.8502    2.0099  1.5896
 2360   2.9478  1.8680    1.6383  2.8140    2.0748  3.2323    2.1250  0.8499    2.0167  1.5933
 2370   2.9397  1.8753    1.6434  2.8132    2.0834  3.2321    2.1247  0.8498    2.0227  1.5963
 2380   2.9322  1.8832    1.6492  2.8119    2.0919  3.2314    2.1250  0.8499    2.0298  1.6003
 2390   2.9247  1.8904    1.6548  2.8108    2.1008  3.2312    2.1249  0.8502    2.0357  1.6038
 2400   2.9177  1.8978    1.6591  2.8096    2.1093  3.2304    2.1254  0.8502    2.0428  1.6073
 2410   2.9100  1.9049    1.6647  2.8090    2.1174  3.2309    2.1253  0.8497    2.0492  1.6104
 2420   2.9023  1.9130    1.6700  2.8084    2.1257  3.2303    2.1251  0.8495    2.0561  1.6134
 2430   2.8949  1.9199    1.6745  2.8073    2.1336  3.2295    2.1255  0.8501    2.0623  1.6168
 2440   2.8871  1.9275    1.6793  2.8061    2.1414  3.2290    2.1253  0.8505    2.0690  1.6203
 2450   2.8793  1.9345    1.6840  2.8047    2.1488  3.2291    2.1252  0.8499    2.0759  1.6237
 2460   2.8722  1.9422    1.6884  2.8039    2.1570  3.2285    2.1247  0.8501    2.0820  1.6275
 2470   2.8639  1.9491    1.6926  2.8029    2.1639  3.2275    2.1247  0.8504    2.0889  1.6312
 2480   2.8569  1.9565    1.6969  2.8014    2.1716  3.2275    2.1253  0.8505    2.0961  1.6344
 2490   2.8490  1.9641    1.7017  2.8013    2.1787  3.2264    2.1248  0.8504    2.1022  1.6383
 2500   2.8412  1.9713    1.7057  2.7996    2.1852  3.2261    2.1254  0.8502    2.1094  1.6418
 2510   2.8337  1.9787    1.7094  2.7982    2.1922  3.2255    2.1253  0.8497    2.1156  1.6455
 2520   2.8265  1.9851    1.7140  2.7976    2.1993  3.2247    2.1249  0.8498    2.1226  1.6490
 2530   2.8192  1.9929    1.7174  2.7968    2.2064  3.2243    2.1251  0.8502    2.1296  1.6524
 2540   2.8114  2.0000    1.7216  2.7958    2.2128  3.2241    2.1247  0.8499    2.1363  1.6557
 2550   2.8042  2.0073    1.7252  2.7941    2.2192  3.2236    2.1248  0.8499    2.1431  1.6597
 2560   2.7961  2.0144    1.7285  2.7930    2.2254  3.2229    2.1251  0.8501    2.1494  1.6632
 2570   2.7884  2.0213    1.7328  2.7922    2.2316  3.2223    2.1250  0.8495    2.1566  1.6670
 2580   2.7813  2.0283    1.7358  2.7916    2.2385  3.2217    2.1248  0.8496    2.1626  1.6698
 2590   2.7735  2.0357    1.7389  2.7901    2.2438  3.2213    2.1248  0.8498    2.1696  1.6743
 2600   2.7659  2.0428    1.7421  2.7889    2.2499  3.2209    2.1249  0.8501    2.1772  1.6777
 2610   2.7586  2.0502    1.7456  2.7881    2.2555  3.2203    2.1251  0.8504    2.1840  1.6817
 2620   2.7516  2.0565    1.7492  2.7872    2.2615  3.2201    2.1250  0.8496    2.1900  1.6851
 2630   2.7441  2.0645    1.7517  2.7853    2.2670  3.2190    2.1255  0.8500    2.1974  1.6887
 2640   2.7367  2.0716    1.7550  2.7845    2.2728  3.2181    2.1250  0.8504    2.2042  1.6929
 2650   2.7290  2.0778    1.7577  2.7833    2.2784  3.2173    2.1249  0.8499    2.2113  1.6970
 2660   2.7222  2.0853    1.7612  2.7829    2.2828  3.2173    2.1246  0.8497    2.2184  1.7010
 2670   2.7146  2.0920    1.7639  2.7814    2.2879  3.2161    2.1249  0.8497    2.2253  1.7049
 2680   2.7076  2.0995    1.7662  2.7798    2.2930  3.2158    2.1251  0.8499    2.2316  1.7087
 2690   2.7000  2.1064    1.7688  2.7793    2.2981  3.2150    2.1246  0.8504    2.2389  1.7126
 2700   2.6925  2.1133    1.7716  2.7776    2.3037  3.2152    2.1248  0.8503    2.2459  1.7164
 2710   2.6854  2.1203    1.7741  2.7771    2.3084  3.2136    2.1250  0.8495    2.2532  1.7207
 2720   2.6786  2.1272    1.7769  2.7762    2.3121  3.2137    2.1248  0.8504    2.2599  1.7253
 2730   2.6713  2.1343    1.7794  2.7747    2.3176  3.2125    2.1255  0.8495    2.2669  1.7292
 2740   2.6641  2.1416    1.7821  2.7738    2.3217  3.2121    2.1255  0.8502    2.2739  1.7332
 2750   2.6569  2.1476    1.7847  2.7722    2.3255  3.2119    2.1245  0.8502    2.2809  1.7376
 2760   2.6504  2.1546    1.7862  2.7710    2.3302  3.2106    2.1254  0.8496    2.2882  1.7426
 2770   2.6433  2.1618    1.7894  2.7703    2.3338  3.2101    2.1245  0.8505    2.2951  1.7465
 2780   2.6357  2.1687    1.7910  2.7692    2.3385  3.2097    2.1248  0.8498    2.3022  1.7508
 2790   2.6292  2.1762    1.7937  2.7684    2.3427  3.2088    2.1248  0.8499    2.3098  1.7556
 2800   2.6224  2.1824    1.7958  2.7668    2.3460  3.2080    2.1247  0.8505    2.3171  1.7605
 2810   2.6154  2.1895    1.7979  2.7660    2.3495  3.2074    2.1246  0.8496    2.3236  1.7648
 2820   2.6086  2.1960    1.7999  2.7648    2.3538  3.2071    2.1251  0.8496    2.3315  1.7699
 2830   2.6015  2.2028    1.8018  2.7631    2.3573  3.2056    2.1246  0.8498    2.3387  1.7746
 2840   2.5949  2.2096    1.8031  2.7620    2.3606  3.2052    2.1254  0.8498    2.3453  1.7796
 2850   2.5878  2.2168    1.8054  2.7612    2.3636  3.2048    2.1247  0.8499    2.3529  1.7853
 2860   2.5815  2.2232    1.8071  2.7598    2.3675  3.2039    2.1247  0.8505    2.3604  1.7896
 2870   2.5753  2.2305    1.8096  2.7584    2.3705  3.2035    2.1248  0.8497    2.3678  1.7950
 2880   2.5689  2.2377    1.8111  2.7572    2.3733  3.2020    2.1254  0.8503    2.3752  1.8002
 2890   2.5620  2.2441    1.8129  2.7570    2.3763  3.2014    2.1250  0.8497    2.3820  1.8058
 2900   2.5552  2.2510    1.8151  2.7550    2.3790  3.2013    2.1255  0.8503    2.3900  1.8115
 2910   2.5489  2.2578    1.8169  2.7540    2.3819  3.1999    2.1245  0.8502    2.3970  1.8163
 2920   2.5429  2.2647    1.8186  2.7534    2.3853  3.1992    2.1245  0.8498    2.4049  1.8219
 2930   2.5360  2.2712    1.8205  2.7520    2.3878  3.1987    2.1255  0.8505    2.4123  1.8275
 2940   2.5307  2.2779    1.8218  2.7511    2.3899  3.1983    2.1252  0.8499    2.4197  1.8336
 2950   2.5235  2.2847    1.8239  2.7494    2.3931  3.1969    2.1249  0.8503    2.4272  1.8395
 2960   2.5175  2.2906    1.8256  2.7482    2.3950  3.1962    2.1251  0.8501    2.4350  1.8457
 2970   2.5118  2.2978    1.8271  2.7476    2.3971  3.1960    2.1251  0.8498    2.4420  1.8510
 2980   2.5057  2.3046    1.8281  2.7460    2.4001  3.1946    2.1252  0.8504    2.4500  1.8577
 2990   2.4995  2.3112    1.8297  2.7458    2.4014  3.1939    2.1253  0.8498    2.4571  1.8634
 3000   2.4943  2.3176    1.8319  2.7445    2.4043  3.1934    2.1250  0.8497    2.4649  1.8703
 3010   2.4877  2.3246    1.8332  2.7436    2.4056  3.1923    2.1250  0.8502    2.4727  1.8761
 3020   2.4828  2.3309    1.8352  2.7421    2.4073  3.1921    2.1254  0.8500    2.4800  1.8826
 3030   2.4766  2.3381    1.8367  2.7412    2.4097  3.1913    2.1253  0.8505    2.4885  1.8896
 3040   2.4711  2.3445    1.8384  2.7396    2.4117  3.1900    2.1252  0.8502    2.4960  1.8963
 3050   2.4658  2.3506    1.8394  2.7385    2.4131  3.1900    2.1246  0.8500    2.5044  1.9032
 3060   2.4601  2.3572    1.8412  2.7376    2.4145  3.1885    2.1249  0.8496    2.5122  1.9093
 3070   2.4547  2.3636    1.8431  2.7364    2.4160  3.1881    2.1252  0.8502    2.5196  1.9166
 3080   2.4491  2.3702    1.8452  2.7357    2.4181  3.1874    2.1252  0.8499    2.5280  1.9238
 3090   2.4439  2.3773    1.8459  2.7345    2.4193  3.1861    2.1251  0.8500    2.5362  1.9307
 3100   2.4384  2.3839    1.8476  2.7333    2.4206  3.1851    2.1247  0.8496    2.5440  1.9378
 3110   2.4333  2.3904    1.8500  2.7326    2.4213  3.1843    2.1249  0.8503    2.5528  1.9454
 3120   2.4287  2.3969    1.8515  2.7315    2.4231  3.1843    2.1247  0.8502    2.5608  1.9519
 3130   2.4237  2.4035    1.8530  2.7298    2.4239  3.1836    2.1253  0.8497    2.5692  1.9592
 3140   2.4182  2.4099    1.8545  2.7287    2.4246  3.1821    2.1252  0.8501    2.5774  1.9674
 3150   2.4137  2.4159    1.8561  2.7275    2.4259  3.1811    2.1248  0.8499    2.5855  1.9743
 3160   2.4088  2.4232    1.8586  2.7269    2.4267  3.1812    2.1247  0.8501    2.5938  1.9819
 3170   2.4041  2.4290    1.8600  2.7262    2.4277  3.1801    2.1254  0.8505    2.6031  1.9894
 3180   2.4003  2.4359    1.8615  2.7249    2.4280  3.1795    2.1246  0.8502    2.6108  1.9970
 3190   2.3951  2.4416    1.8635  2.7240    2.4295  3.1785    2.1247  0.8501    2.6196  2.0054
 3200   2.3910  2.4484    1.8650  2.7222    2.4295  3.1776    2.1248  0.8505    2.6283  2.0128
 3210   2.3866  2.4552    1.8666  2.7219    2.4306  3.1764    2.1250  0.8504    2.6371  2.0202
 3220   2.3822  2.4614    1.8691  2.7203    2.4312  3.1761    2.1247  0.8500    2.6457  2.0284
 3230   2.3782  2.4680    1.8704  2.7192    2.4314  3.1750    2.1253  0.8503    2.6536  2.0362
 3240   2.3749  2.4742    1.8722  2.7188    2.4314  3.1743    2.1252  0.8502    2.6631  2.0449
 3250   2.3710  2.4799    1.8744  2.7174    2.4315  3.1737    2.1245  0.8495    2.6711  2.0522
 3260   2.3679  2.4867    1.8757  2.7166    2.4322  3.1726    2.1255  0.8503    2.6798  2.0611
 3270   2.3656  2.4925    1.8774  2.7152    2.4328  3.1718    2.1254  0.8496    2.6887  2.0685
 3280   2.3634  2.4986    1.8791  2.7140    2.4323  3.1713    2.1253  0.8496    2.6980  2.0770
 3290   2.3608  2.5045    1.8813  2.7127    2.4326  3.1699    2.1249  0.8503    2.7068  2.0852
 3300   2.3600  2.5108    1.8826  2.7120    2.4323  3.1691    2.1254  0.8500    2.7155  2.0935
 3310   2.3581  2.5169    1.8845  2.7110    2.4330  3.1691    2.1247  0.8503    2.7240  2.1021
 3320   2.3571  2.5220    1.8856  2.7101    2.4324  3.1681    2.1254  0.8503    2.7333  2.1110
 3330   2.3564  2.5287    1.8871  2.7088    2.4323  3.1665    2.1249  0.8501    2.7425  2.1195
 3340   2.3564  2.5344    1.8883  2.7075    2.4318  3.1661    2.1250  0.8498    2.7506  2.1273
 3350   2.3565  2.5392    1.8893  2.7061    2.4321  3.1653    2.1253  0.8497    2.7605  2.1361
 3360   2.3566  2.5447    1.8905  2.7049    2.4314  3.1646    2.1254  0.8505    2.7686  2.1444
 3370   2.3564  2.5505    1.8914  2.7038    2.4313  3.1636    2.1255  0.8496    2.7781  2.1536
 3380   2.3570  2.5562    1.8934  2.7032    2.4307  3.1629    2.1249  0.8501    2.7867  2.1619
 3390   2.3586  2.5615    1.8935  2.7017    2.4307  3.1619    2.1250  0.8500    2.7957  2.1707
 3400   2.3594  2.5667    1.8946  2.7005    2.4298  3.1613    2.1250  0.8496    2.8055  2.1789
 3410   2.3607  2.5721    1.8958  2.6991    2.4293  3.1608    2.1254  0.8503    2.8137  2.1883
 3420   2.3622  2.5769    1.8970  2.6977    2.4284  3.1595    2.1248  0.8496    2.8229  2.1972
 3430   2.3641  2.5820    1.8979  2.6962    2.4279  3.1588    2.1247  0.8499    2.8319  2.2062
 3440   2.3658  2.5871    1.8990  2.6948    2.4274  3.1579    2.1246  0.8500    2.8415  2.2142
 3450   2.3686  2.5913    1.8997  2.6936    2.4272  3.1575    2.1250  0.8505    2.8504  2.2231
 3460   2.3706  2.5965    1.9000  2.6927    2.4256  3.1570    2.1245  0.8504    2.8594  2.2329
 3470   2.3726  2.6008    1.9009  2.6913    2.4254  3.1553    2.1253  0.8496    2.8678  2.2419
 3480   2.3757  2.6060    1.9018  2.6901    2.4244  3.1551    2.1247  0.8499    2.8777  2.2500
 3490   2.3779  2.6106    1.9021  2.6892    2.4238  3.1537    2.1248  0.8496    2.8863  2.2598
 3500   2.3813  2.6147    1.9028  2.6874    2.4221  3.1536    2.1254  0.8505    2.8954  2.2689
 3510   2.3838  2.6197    1.9028  2.6860    2.4212  3.1524    2.1253  0.8496    2.9046  2.2772
 3520   2.3863  2.6236    1.9037  2.6845    2.4203  3.1521    2.1250  0.8502    2.9131  2.2868
 3530   2.3897  2.6281    1.9044  2.6840    2.4195  3.1515    2.1250  0.8500    2.9227  2.2959
 3540   2.3926  2.6320    1.9042  2.6819    2.4182  3.1503    2.1246  0.8504    2.9314  2.3049
 3550   2.3958  2.6364    1.9053  2.6812    2.4171  3.1493    2.1254  0.8504    2.9404  2.3137
 3560   2.3997  2.6406    1.9049  2.6797    2.4162  3.1491    2.1249  0.8499    2.9496  2.3233
 3570   2.4021  2.6447    1.9060  2.6779    2.4152  3.1483    2.1245  0.8504    2.9579  2.3321
 3580   2.4062  2.6482    1.9053  2.6770    2.4131  3.1474    2.1251  0.8498    2.9670  2.3409
 3590   2.4092  2.6523    1.9061  2.6753    2.4126  3.1466    2.1252  0.8501    2.9766  2.3505
 3600   2.4120  2.6550    1.9059  2.6737    2.4109  3.1457    2.1253  0.8497    2.9856  2.3593
 3610   2.4155  2.6591    1.9061  2.6729    2.4091  3.1446    2.1251  0.8496    2.9944  2.3684
 3620   2.4189  2.6630    1.9062  2.6717    2.4080  3.1440    2.1253  0.8502    3.0030  2.3782
 3630   2.4222  2.6662    1.9063  2.6700    2.4067  3.1429    2.1253  0.8500    3.0117  2.3875
 3640   2.4260  2.6688    1.9068  2.6683    2.4055  3.1420    2.1246  0.8497    3.0203  2.3968
 3650   2.4292  2.6725    1.9065  2.6673    2.4041  3.1415    2.1254  0.8503    3.0291  2.4061
 3660   2.4319  2.6758    1.9061  2.6656    2.4027  3.1413    2.1251  0.8495    3.0380  2.4149
 3670   2.4350  2.6790    1.9063  2.6643    2.4012  3.1402    2.1251  0.8501    3.0476  2.4239
 3680   2.4380  2.6819    1.9066  2.6634    2.3994  3.1393    2.1248  0.8503    3.0561  2.4336
 3690   2.4405  2.6848    1.9066  2.6613    2.3976  3.1392    2.1248  0.8504    3.0642  2.4422
 3700   2.4439  2.6875    1.9064  2.6607    2.3965  3.1378    2.1250  0.8496    3.0732  2.4513
 3710   2.4467  2.6900    1.9057  2.6585    2.3947  3.1374    2.1251  0.8498    3.0824  2.4612
 3720   2.4487  2.6929    1.9062  2.6572    2.3928  3.1364    2.1249  0.8504    3.0904  2.4700
 3730   2.4512  2.6954    1.9057  2.6564    2.3913  3.1354    2.1251  0.8501    3.0989  2.4794
 3740   2.4533  2.6975    1.9050  2.6544    2.3897  3.1351    2.1251  0.8499    3.1081  2.4880
 3750   2.4562  2.6995    1.9049  2.6530    2.3878  3.1339    2.1247  0.8503    3.1162  2.4974
 3760   2.4574  2.7020    1.9045  2.6515    2.3865  3.1332    2.1250  0.8497    3.1252  2.5066
 3770   2.4600  2.7041    1.9039  2.6510    2.3844  3.1330    2.1249  0.8503    3.1337  2.5160
 3780   2.4611  2.7066    1.9039  2.6490    2.3823  3.1326    2.1248  0.8503    3.1422  2.5248
 3790   2.4624  2.7078    1.9037  2.6475    2.3809  3.1312    2.1248  0.8499    3.1500  2.5336
 3800   2.4637  2.7097    1.9034  2.6462    2.3796  3.1310    2.1246  0.8496    3.1585  2.5433
 3810   2.4646  2.7118    1.9029  2.6453    2.3775  3.1297    2.1254  0.8498    3.1670  2.5519
 3820   2.4654  2.7137    1.9020  2.6431    2.3752  3.1291    2.1245  0.8503    3.1752  2.5610
 3830   2.4657  2.7145    1.9014  2.6419    2.3733  3.1285    2.1250  0.8503    3.1834  2.5706
 3840   2.4656  2.7158    1.9009  2.6410    2.3719  3.1278    2.1249  0.8504    3.1914  2.5791
 3850   2.4664  2.7180    1.9001  2.6388    2.3699  3.1277    2.1254  0.8502    3.1993  2.5887
 3860   2.4653  2.7192    1.8996  2.6383    2.3680  3.1264    2.1249  0.8499    3.2082  2.5974
 3870   2.4654  2.7201    1.8992  2.6361    2.3664  3.1258    2.1249  0.8496    3.2153  2.6068
 3880   2.4643  2.7210    1.8992  2.6351    2.3645  3.1252    2.1251  0.8504    3.2242  2.6150
 3890   2.4634  2.7216    1.8976  2.6339    2.3625  3.1247    2.1247  0.8498    3.2319  2.6240
 3900   2.4620  2.7222    1.8978  2.6321    2.3606  3.1243    2.1247  0.8501    3.2392  2.6333
 3910   2.4616  2.7231    1.8970  2.6307    2.3587  3.1236    2.1247  0.8498    3.2478  2.6419
 3920   2.4602  2.7239    1.8957  2.6291    2.3566  3.1225    2.1247  0.8497    3.2554  2.6510
 3930   2.4589  2.7250    1.8958  2.6286    2.3550  3.1219    2.1252  0.8498    3.2633  2.6594
 3940   2.4575  2.7254    1.8945  2.6267    2.3523  3.1220    2.1252  0.8499    3.2701  2.6680
 3950   2.4561  2.7257    1.8938  2.6250    2.3507  3.1206    2.1249  0.8499    3.2776  2.6768
 3960   2.4545  2.7258    1.8933  2.6244    2.3484  3.1205    2.1251  0.8497    3.2856  2.6859
 3970   2.4525  2.7255    1.8927  2.6228    2.3471  3.1197    2.1252  0.8505    3.2925  2.6940
 3980   2.4506  2.7260    1.8914  2.6217    2.3449  3.1193    2.1253  0.8504    3.3001  2.7032
 3990   2.4485  2.7264    1.8910  2.6199    2.3427  3.1186    2.1254  0.8497    3.3073  2.7114
 4000   2.4469  2.7263    1.8896  2.6189    2.3408  3.1179    2.1253  0.8500    3.3155  2.7203
 4010   2.4450  2.7257    1.8886  2.6178    2.3392  3.1179    2.1250  0.8497    3.3222  2.7283
 4020   2.4433  2.7256    1.8886  2.6157    2.3366  3.1174    2.1246  0.8504    3.3300  2.7374
 4030   2.4410  2.7253    1.8870  2.6145    2.3352  3.1166    2.1246  0.8504    3.3368  2.7460
 4040   2.4384  2.7250    1.8869  2.6132    2.3327  3.1162    2.1247  0.8497    3.3441  2.7555
 4050   2.4369  2.7249    1.8860  2.6115    2.3306  3.1154    2.1251  0.8499    3.3517  2.7640
 4060   2.4345  2.7243    1.8844  2.6111    2.3293  3.1143    2.1246  0.8497    3.3587  2.7734
 4070   2.4320  2.7237    1.8842  2.6092    2.3270  3.1139    2.1252  0.8497    3.3666  2.7827
 4080   2.4295  2.7234    1.8831  2.6086    2.3248  3.1136    2.1254  0.8496    3.3742  2.7919
 4090   2.4268  2.7228    1.8816  2.6070    2.3233  3.1129    2.1251  0.8501    3.3815  2.8015
 4100   2.4244  2.7224    1.8806  2.6058    2.3216  3.1124    2.1250  0.8497    3.3889  2.8111
 4110   2.4221  2.7217    1.8796  2.6041    2.3195  3.1124    2.1248  0.8497    3.3969  2.8209
 4120   2.4191  2.7202    1.8793  2.6034    2.3175  3.1120    2.1251  0.8499    3.4041  2.8307
 4130   2.4162  2.7199    1.8779  2.6022    2.3154  3.1110    2.1254  0.8497    3.4117  2.8399
 4140   2.4134  2.7183    1.8775  2.6006    2.3138  3.1102    2.1255  0.8496    3.4187  2.8505
 4150   2.4109  2.7181    1.8764  2.5989    2.3120  3.1098    2.1246  0.8498    3.4268  2.8600
 4160   2.4085  2.7163    1.8749  2.5982    2.3100  3.1093    2.1254  0.8495    3.4345  2.8706
 4170   2.4054  2.7160    1.8741  2.5966    2.3082  3.1089    2.1250  0.8503    3.4422  2.8802
 4180   2.4029  2.7148    1.8731  2.5951    2.3063  3.1084    2.1246  0.8504    3.4494  2.8911
 4190   2.3995  2.7137    1.8727  2.5940    2.3043  3.1083    2.1250  0.8503    3.4576  2.9006
 4200   2.3965  2.7123    1.8714  2.5932    2.3025  3.1080    2.1249  0.8503    3.4643  2.9114
 4210   2.3937  2.7110    1.8702  2.5924    2.3003  3.1080    2.1248  0.8499    3.4726  2.9219
 4220   2.3910  2.7094    1.8691  2.5913    2.2990  3.1070    2.1254  0.8496    3.4800  2.9320
 4230   2.3874  2.7085    1.8686  2.5893    2.2972  3.1070    2.1247  0.8502    3.4880  2.9428
 4240   2.3848  2.7077    1.8674  2.5886    2.2956  3.1065    2.1247  0.8498    3.4949  2.9533
 4250   2.3820  2.7058    1.8659  2.5873    2.2932  3.1063    2.1246  0.8497    3.5033  2.9638
 4260   2.3789  2.7043    1.8656  2.5860    2.2913  3.1054    2.1254  0.8504    3.5103  2.9739
 4270   2.3757  2.7034    1.8645  2.5856    2.2897  3.1056    2.1245  0.8504    3.5178  2.9849
 4280   2.3719  2.7013    1.8637  2.5841    2.2886  3.1053    2.1255  0.8498    3.5256  2.9955
 4290   2.3693  2.7004    1.8626  2.5827    2.2865  3.1048    2.1246  0.8501    3.5335  3.0065
 4300   2.3665  2.6989    1.8617  2.5822    2.2851  3.1037    2.1246  0.8497    3.5409  3.0171
 4310   2.3628  2.6976    1.8605  2.5812    2.2833  3.1039    2.1250  0.8499    3.5483  3.0278
 4320   2.3602  2.6954    1.8598  2.5793    2.2822  3.1034    2.1250  0.8502    3.5557  3.0383
 4330   2.3566  2.6939    1.8584  2.5785    2.2803  3.1034    2.1252  0.8499    3.5635  3.0492
 4340   2.3542  2.6930    1.8578  2.5778    2.2788  3.1030    2.1251  0.8497    3.5707  3.0598
 4350   2.3506  2.6913    1.8568  2.5763    2.2776  3.1022    2.1246  0.8500    3.5781  3.0705
 4360   2.3473  2.6897    1.8552  2.5757    2.2753  3.1023    2.1246  0.8499    3.5855  3.0815
 4370   2.3440  2.6882    1.8541  2.5745    2.2745  3.1017    2.1250  0.8502    3.5934  3.0919
 4380   2.3418  2.6862    1.8541  2.5736    2.2731  3.1015    2.1252  0.8500    3.6007  3.1026
 4390   2.3387  2.6851    1.8529  2.5728    2.2715  3.1017    2.1251  0.8497    3.6077  3.1129
 4400   2.3356  2.6827    1.8520  2.5717    2.2705  3.1012    2.1251  0.8495    3.6146  3.1239
 4410   2.3323  2.6813    1.8504  2.5709    2.2686  3.1016    2.1252  0.8498    3.6219  3.1350
 4420   2.3296  2.6796    1.8503  2.5700    2.2672  3.1013    2.1247  0.8505    3.6296  3.1448
 4430   2.3263  2.6787    1.8486  2.5694    2.2664  3.1008    2.1250  0.8497    3.6363  3.1559
 4440   2.3237  2.6770    1.8482  2.5684    2.2651  3.1001    2.1249  0.8501    3.6433  3.1665
 4450   2.3203  2.6750    1.8470  2.5677    2.2636  3.1008    2.1253  0.8498    3.6505  3.1769
 4460   2.3179  2.6737    1.8463  2.5664    2.2630  3.0997    2.1253  0.8502    3.6579  3.1875
 4470   2.3149  2.6713    1.8451  2.5664    2.2617  3.0999    2.1251  0.8497    3.6641  3.1976
 4480   2.3120  2.6698    1.8451  2.5646    2.2600  3.0995    2.1254  0.8504    3.6711  3.2075
 4490   2.3093  2.6686    1.8439  2.5646    2.2593  3.0995    2.1246  0.8499    3.6786  3.2183
 4500   2.3065  2.6673    1.8434  2.5632    2.2584  3.0996    2.1253  0.8496    3.6853  3.2283
 4510   2.3038  2.6657    1.8425  2.5629    2.2573  3.0995    2.1254  0.8501    3.6917  3.2382
 4520   2.3013  2.6637    1.8412  2.5626    2.2563  3.0990    2.1250  0.8496    3.6987  3.2481
 4530   2.2986  2.6623    1.8402  2.5610    2.2556  3.0994    2.1255  0.8501    3.7049  3.2581
 4540   2.2956  2.6609    1.8400  2.5612    2.2546  3.0989    2.1249  0.8495    3.7117  3.2685
 4550   2.2931  2.6592    1.8391  2.5598    2.2538  3.0988    2.1250  0.8497    3.7177  3.2777
 4560   2.2910  2.6577    1.8388  2.5597    2.2531  3.0989    2.1249  0.8499    3.7248  3.2883
 4570   2.2885  2.6566    1.8375  2.5588    2.2528  3.0987    2.1246  0.8502    3.7311  3.2971
 4580   2.2864  2.6557    1.8370  2.5577    2.2515  3.0991    2.1248  0.8498    3.7370  3.3073
 4590   2.2838  2.6536    1.8368  2.5577    2.2508  3.0989    2.1251  0.8499    3.7434  3.3166
 4600   2.2817  2.6523    1.8357  2.5569    2.2507  3.0989    2.1249  0.8496    3.7497  3.3259
 4610   2.2793  2.6512    1.8353  2.5565    2.2498  3.0987    2.1250  0.8495    3.7552  3.3350
 4620   2.2775  2.6503    1.8342  2.5557    2.2496  3.0991    2.1250  0.8498    3.7613  3.3445
 4630   2.2755  2.6489    1.8338  2.5557    2.2494  3.0989    2.1246  0.8499    3.7674  3.3528
 4640   2.2730  2.6480    1.8330  2.5551    2.2484  3.0990    2.1251  0.8503    3.7733  3.3623
 4650   2.2715  2.6465    1.8326  2.5549    2.2484  3.0990    2.1254  0.8498    3.7788  3.3705
 4660   2.2691  2.6458    1.8320  2.5541    2.2478  3.0991    2.1248  0.8499    3.7847  3.3794
 4670   2.2677  2.6447    1.8322  2.5535    2.2477  3.0989    2.1245  0.8502    3.7897  3.3878
 4680   2.2657  2.6430    1.8310  2.5530    2.2477  3.0993    2.1252  0.8496    3.7951  3.3967
 4690   2.2642  2.6423    1.8306  2.5532    2.2472  3.0989    2.1253  0.8504    3.8007  3.4047
 4700   2.2631  2.6415    1.8303  2.5524    2.2479  3.0994    2.1252  0.8503    3.8063  3.4128
 4710   2.2613  2.6402    1.8304  2.5516    2.2471  3.1000    2.1255  0.8497    3.8117  3.4210
 4720   2.2605  2.6396    1.8293  2.5513    2.2476  3.1002    2.1252  0.8500    3.8165  3.4290
 4730   2.2587  2.6392    1.8297  2.5517    2.2479  3.0996    2.1249  0.8500    3.8215  3.4362
 4740   2.2577  2.6386    1.8292  2.5512    2.2475  3.0999    2.1255  0.8497    3.8262  3.4435
 4750   2.2571  2.6379    1.8286  2.5511    2.2477  3.1001    2.1250  0.8496    3.8312  3.4511
 4760   2.2560  2.6373    1.8285  2.5507    2.2479  3.1008    2.1248  0.8495    3.8360  3.4580
 4770   2.2555  2.6370    1.8285  2.5501    2.2486  3.1005    2.1248  0.8502    3.8406  3.4652
 4780   2.2543  2.6358    1.8280  2.5502    2.2488  3.1012    2.1246  0.8505    3.8448  3.4719
 4790   2.2537  2.6361    1.8276  2.5507    2.2495  3.1007    2.1251  0.8502    3.8488  3.4785
 4800   2.2537  2.6353    1.8276  2.5505    2.2497  3.1010    2.1249  0.8503    3.8534  3.4851
 4810   2.2525  2.6353    1.8280  2.5498    2.2509  3.1020    2.1250  0.8496    3.8575  3.4911
 4820   2.2526  2.6347    1.8280  2.5500    2.2513  3.1020    2.1245  0.8499    3.8614  3.4980
 4830   2.2526  2.6349    1.8272  2.5497    2.2519  3.1021    2.1250  0.8504    3.8652  3.5035
 4840   2.2530  2.6349    1.8275  2.5500    2.2526  3.1028    2.1255  0.8495    3.8688  3.5093
 4850   2.2527  2.6346    1.8272  2.5500    2.2530  3.1032    2.1250  0.8496    3.8725  3.5145
 4860   2.2529  2.6350    1.8273  2.5497    2.2543  3.1029    2.1249  0.8497    3.8757  3.5204
 4870   2.2526  2.6350    1.8277  2.5505    2.2547  3.1034    2.1250  0.8499    3.8793  3.5249
 4880   2.2531  2.6356    1.8279  2.5500    2.2551  3.1038    2.1255  0.8496    3.8822  3.5296
 4890   2.2530  2.6354    1.8279  2.5502    2.2559  3.1047    2.1255  0.8502    3.8858  3.5341
 4900   2.2542  2.6353    1.8272  2.5511    2.2569  3.1050    2.1250  0.8500    3.8889  3.5393
 4910   2.2543  2.6351    1.8269  2.5508    2.2570  3.1049    2.1251  0.8502    3.8912  3.5433
 4920   2.2544  2.6362    1.8270  2.5514    2.2577  3.1059    2.1254  0.8503    3.8942  3.5471
 4930   2.2552  2.6361    1.8270  2.5509    2.2587  3.1055    2.1253  0.8502    3.8960  3.5505
 4940   2.2557  2.6365    1.8273  2.5521    2.2588  3.1066    2.1249  0.8498    3.8985  3.5538
 4950   2.2571  2.6368    1.8272  2.5521    2.2599  3.1072    2.1247  0.8505    3.9010  3.5576
 4960   2.2577  2.6361    1.8266  2.5522    2.2601  3.1069    2.1250  0.8496    3.9032  3.5602
 4970   2.2582  2.6370    1.8265  2.5524    2.2606  3.1082    2.1255  0.8496    3.9053  3.5628
 4980   2.2589  2.6372    1.8261  2.5530    2.2611  3.1082    2.1247  0.8500    3.9073  3.5659
 4990   2.2602  2.6370    1.8262  2.5539    2.2608  3.1086    2.1253  0.8499    3.9083  3.5680
 5000   2.2611  2.6377    1.8265  2.5543    2.2621  3.1091    2.1250  0.8499    3.9099  3.5698
 5010   2.2621  2.6383    1.8262  2.5548    2.2624  3.1101    2.1255  0.8504    3.9115  3.5717
 5020   2.2631  2.6387    1.8264  2.5555    2.2628  3.1099    2.1252  0.8503    3.9127  3.5738
 5030   2.2638  2.6390    1.8259  2.5555    2.2628  3.1106    2.1254  0.8500    3.9141  3.5759
 5040   2.2657  2.6388    1.8261  2.5562    2.2626  3.1113    2.1247  0.8504    3.9154  3.5773
 5050   2.2668  2.6397    1.8261  2.5575    2.2634  3.1121    2.1246  0.8500    3.9172  3.5787
 5060   2.2676  2.6401    1.8256  2.5577    2.2633  3.1124    2.1248  0.8504    3.9183  3.5814
 5070   2.2693  2.6409    1.8257  2.5591    2.2636  3.1130    2.1249  0.8499    3.9199  3.5826
 5080   2.2705  2.6410    1.8250  2.5594    2.2642  3.1136    2.1252  0.8498    3.9215  3.5846
 5090   2.2723  2.6416    1.8253  2.5596    2.2637  3.1140    2.1249  0.8503    3.9222  3.5864
 5100   2.2735  2.6418    1.8249  2.5610    2.2638  3.1146    2.1248  0.8500    3.9238  3.5881
 5110   2.2747  2.6419    1.8245  2.5622    2.2636  3.1154    2.1253  0.8496    3.9258  3.5899
 5120   2.2762  2.6430    1.8242  2.5628    2.2641  3.1161    2.1253  0.8501    3.9266  3.5915
 5130   2.2785  2.6434    1.8238  2.5631    2.2639  3.1164    2.1249  0.8499    3.9276  3.5937
 5140   2.2796  2.6436    1.8238  2.5640    2.2639  3.1176    2.1246  0.8500    3.9290  3.5949
 5150   2.2816  2.6448    1.8245  2.5651    2.2643  3.1179    2.1251  0.8499    3.9304  3.5974
 5160   2.2835  2.6449    1.8237  2.5664    2.2643  3.1183    2.1252  0.8499    3.9322  3.5988
 5170   2.2845  2.6459    1.8241  2.5669    2.2644  3.1193    2.1250  0.8500    3.9340  3.6010
 5180   2.2873  2.6464    1.8237  2.5680    2.2645  3.1201    2.1251  0.8500    3.9344  3.6023
 5190   2.2886  2.6474    1.8230  2.5691    2.2639  3.1208    2.1253  0.8503    3.9361  3.6038
 5200   2.2905  2.6479    1.8231  2.5700    2.2640  3.1218    2.1247  0.8498    3.9378  3.6061
 5210   2.2920  2.6478    1.8234  2.5715    2.2637  3.1227    2.1249  0.8504    3.9391  3.6078
 5220   2.2948  2.6491    1.8231  2.5717    2.2639  3.1234    2.1247  0.8500    3.9407  3.6096
 5230   2.2959  2.6498    1.8231  2.5729    2.2639  3.1235    2.1249  0.8500    3.9417  3.6108
 5240   2.2982  2.6501    1.8226  2.5745    2.2639  3.1241    2.1246  0.8497    3.9432  3.6125
 5250   2.3000  2.6510    1.8222  2.5755    2.2638  3.1257    2.1247  0.8500    3.9448  3.6143
 5260   2.3024  2.6520    1.8226  2.5770    2.2630  3.1261    2.1253  0.8498    3.9451  3.6163
 5270   2.3040  2.6526    1.8221  2.5776    2.2628  3.1268    2.1253  0.8500    3.9474  3.6174
 5280   2.3067  2.6527    1.8216  2.5786    2.2627  3.1281    2.1250  0.8495    3.9479  3.6195
 5290   2.3082  2.6534    1.8215  2.5798    2.2624  3.1287    2.1251  0.8496    3.9495  3.6207
 5300   2.3109  2.6541    1.8219  2.5811    2.2628  3.1296    2.1248  0.8501    3.9506  3.6231
 5310   2.3134  2.6552    1.8214  2.5831    2.2618  3.1305    2.1251  0.8502    3.9526  3.6246
 5320   2.3151  2.6558    1.8214  2.5838    2.2618  3.1312    2.1252  0.8498    3.9536  3.6260
 5330   2.3177  2.6561    1.8213  2.5848    2.2611  3.1319    2.1253  0.8496    3.9545  3.6274
 5340   2.3199  2.6577    1.8212  2.5870    2.2614  3.1326    2.1248  0.8503    3.9560  3.6294
 5350   2.3222  2.6577    1.8214  2.5876    2.2614  3.1332    2.1247  0.8503    3.9575  3.6313
 5360   2.3240  2.6588    1.8217  2.5896    2.2610  3.1347    2.1250  0.8502    3.9584  3.6327
 5370   2.3267  2.6594    1.8212  2.5904    2.2601  3.1350    2.1246  0.8497    3.9601  3.6341
 5380   2.3285  2.6609    1.8214  2.5924    2.2599  3.1360    2.1248  0.8497    3.9611  3.6357
 5390   2.3317  2.6614    1.8210  2.5935    2.2595  3.1365    2.1246  0.8501    3.9621  3.6380
 5400   2.3339  2.6618    1.8207  2.5946    2.2590  3.1376    2.1246  0.8505    3.9640  3.6390
 5410   2.3362  2.6627    1.8210  2.5968    2.2593  3.1385    2.1253  0.8502    3.9648  3.6411
 5420   2.3387  2.6636    1.8210  2.5981    2.2585  3.1401    2.1249  0.8498    3.9661  3.6422
 5430   2.3412  2.6640    1.8213  2.5995    2.2578  3.1410    2.1250  0.8501    3.9672  3.6438
 5440   2.3427  2.6655    1.8213  2.6008    2.2580  3.1417    2.1252  0.8496    3.9687  3.6459
 5450   2.3454  2.6666    1.8208  2.6024    2.2574  3.1422    2.1246  0.8503    3.9696  3.6475
 5460   2.3481  2.6667    1.8207  2.6039    2.2562  3.1433    2.1246  0.8496    3.9709  3.6495
 5470   2.3503  2.6681    1.8207  2.6051    2.2558  3.1440    2.1250  0.8504    3.9730  3.6504
 5480   2.3529  2.6685    1.8206  2.6070    2.2553  3.1456    2.1248  0.8499    3.9735  3.6518
 5490   2.3552  2.6695    1.8215  2.6087    2.2554  3.1460    2.1247  0.8502    3.9749  3.6535
 5500   2.3582  2.6701    1.8216  2.6100    2.2546  3.1476    2.1250  0.8501    3.9764  3.6556
 5510   2.3601  2.6713    1.8213  2.6115    2.2548  3.1478    2.1250  0.8504    3.9774  3.6571
 5520   2.3624  2.6717    1.8219  2.6135    2.2543  3.1490    2.1246  0.8497    3.9792  3.6584
 5530   2.3648  2.6726    1.8214  2.6148    2.2534  3.1504    2.1253  0.8500    3.9803  3.6600
 5540   2.3672  2.6735    1.8217  2.6158    2.2529  3.1513    2.1247  0.8497    3.9812  3.6614
 5550   2.3701  2.6748    1.8217  2.6181    2.2526  3.1526    2.1248  0.8498    3.9823  3.6635
 5560   2.3727  2.6757    1.8223  2.6192    2.2514  3.1528    2.1248  0.8501    3.9837  3.6648
 5570   2.3746  2.6767    1.8220  2.6208    2.2514  3.1547    2.1249  0.8498    3.9848  3.6666
 5580   2.3778  2.6771    1.8222  2.6224    2.2506  3.1554    2.1254  0.8498    3.9862  3.6679
 5590   2.3799  2.6779    1.8227  2.6242    2.2504  3.1561    2.1254  0.8503    3.9876  3.6695
 5600   2.3822  2.6790    1.8225  2.6265    2.2497  3.1569    2.1247  0.8502    3.9889  3.6714
 5610   2.3852  2.6798    1.8236  2.6283    2.2486  3.1583    2.1246  0.8501    3.9900  3.6729
 5620   2.3868  2.6809    1.8239  2.6292    2.2486  3.1596    2.1248  0.8501    3.9912  3.6736
 5630   2.3900  2.6820    1.8241  2.6312    2.2478  3.1609    2.1245  0.8502    3.9916  3.6759
 5640   2.3917  2.6822    1.8239  2.6327    2.2469  3.1612    2.1247  0.8495    3.9930  3.6774
 5650   2.3940  2.6830    1.8245  2.6342    2.2465  3.1628    2.1254  0.8498    3.9949  3.6784
 5660   2.3972  2.6840    1.8250  2.6366    2.2463  3.1640    2.1249  0.8502    3.9957  3.6798
 5670   2.3990  2.6851    1.8249  2.6379    2.2460  3.1643    2.1250  0.8501    3.9970  3.6814
 5680   2.4011  2.6856    1.8258  2.6396    2.2450  3.1658    2.1246  0.8498    3.9979  3.6829
 5690   2.4035  2.6865    1.8263  2.6414    2.2448  3.1674    2.1251  0.8498    3.9991  3.6845
 5700   2.4064  2.6873    1.8263  2.6434    2.2441  3.1677    2.1248  0.8497    4.0001  3.6862
 5710   2.4088  2.6885    1.8265  2.6451    2.2434  3.1694    2.1247  0.8504    4.0017  3.6872
 5720   2.4114  2.6895    1.8269  2.6474    2.2427  3.1699    2.1255  0.8501    4.0028  3.6890
 5730   2.4129  2.6899    1.8273  2.6482    2.2416  3.1711    2.1253  0.8499    4.0034  3.6901
 5740   2.4155  2.6909    1.8286  2.6502    2.2412  3.1727    2.1253  0.8499    4.0045  3.6919
 5750   2.4180  2.6919    1.8284  2.6522    2.2405  3.1739    2.1254  0.8499    4.0063  3.6931
 5760   2.4195  2.6924    1.8293  2.6545    2.2398  3.1743    2.1253  0.8498    4.0075  3.6945
 5770   2.4218  2.6928    1.8296  2.6558    2.2397  3.1760    2.1251  0.8503    4.0088  3.6955
 5780   2.4239  2.6945    1.8304  2.6572    2.2388  3.1775    2.1248  0.8497    4.0094  3.6972
 5790   2.4264  2.6948    1.8310  2.6590    2.2387  3.1778    2.1250  0.8499    4.0101  3.6990
 5800   2.4284  2.6960    1.8320  2.6613    2.2382  3.1798    2.1248  0.8502    4.0117  3.7006
 5810   2.4311  2.6968    1.8321  2.6628    2.2375  3.1802    2.1246  0.8500    4.0128  3.7021
 5820   2.4327  2.6976    1.8333  2.6647    2.2362  3.1818    2.1250  0.8496    4.0135  3.7031
 5830   2.4353  2.6976    1.8340  2.6669    2.2356  3.1831    2.1247  0.8501    4.0155  3.7048
 5840   2.4373  2.6990    1.8349  2.6689    2.2351  3.1841    2.1253  0.8502    4.0157  3.7056
 5850   2.4385  2.6994    1.8356  2.6706    2.2344  3.1856    2.1251  0.8503    4.0176  3.7078
 5860   2.4405  2.6998    1.8365  2.6716    2.2341  3.1860    2.1254  0.8496    4.0182  3.7088
 5870   2.4429  2.7007    1.8375  2.6743    2.2340  3.1877    2.1252  0.8503    4.0194  3.7100
 5880   2.4450  2.7023    1.8384  2.6757    2.2336  3.1892    2.1248  0.8496    4.0202  3.7113
 5890   2.4470  2.7025    1.8391  2.6772    2.2323  3.1904    2.1250  0.8500    4.0218  3.7127
 5900   2.4479  2.7029    1.8398  2.6790    2.2315  3.1912    2.1248  0.8499    4.0229  3.7146
 5910   2.4499  2.7040    1.8407  2.6812    2.2313  3.1929    2.1251  0.8500    4.0235  3.7158
 5920   2.4516  2.7045    1.8420  2.6827    2.2312  3.1941    2.1248  0.8504    4.0245  3.7168
 5930   2.4533  2.7056    1.8428  2.6848    2.2304  3.1948    2.1251  0.8496    4.0265  3.7185
 5940   2.4554  2.7065    1.8437  2.6867    2.2301  3.1961    2.1252  0.8497    4.0275  3.7192
 5950   2.4570  2.7068    1.8454  2.6884    2.2290  3.1976    2.1252  0.8502    4.0285  3.7211
 5960   2.4583  2.7070    1.8457  2.6899    2.2287  3.1989    2.1248  0.8496    4.0294  3.7227
 5970   2.4597  2.7082    1.8469  2.6916    2.2283  3.1999    2.1246  0.8499    4.0305  3.7234
 5980   2.4615  2.7088    1.8483  2.6934    2.2276  3.2010    2.1254  0.8499    4.0317  3.7251
 5990   2.4632  2.7093    1.8492  2.6955    2.2267  3.2021    2.1248  0.8498    4.0320  3.7262
 6000   2.4646  2.7102    1.8513  2.6974    2.2265  3.2036    2.1251  0.8498    4.0333  3.7272
 6010   2.4656  2.7105    1.8518  2.6990    2.2263  3.2048    2.1250  0.8503    4.0344  3.7285
 6020   2.4669  2.7112    1.8538  2.7011    2.2254  3.2059    2.1249  0.8496    4.0355  3.7299
 6030   2.4679  2.7120    1.8546  2.7025    2.2248  3.2072    2.1246  0.8497    4.0367  3.7316
 6040   2.4700  2.7118    1.8563  2.7049    2.2242  3.2080    2.1250  0.8504    4.0377  3.7326
 6050   2.4706  2.7127    1.8577  2.7058    2.2241  3.2092    2.1250  0.8500    4.0389  3.7338
 6060   2.4719  2.7133    1.8587  2.7076    2.2235  3.2110    2.1246  0.8500    4.0401  3.7351
 6070   2.4734  2.7139    1.8605  2.7098    2.2233  3.2121    2.1254  0.8496    4.0411  3.7369
 6080   2.4743  2.7145    1.8622  2.7119    2.2224  3.2132    2.1251  0.8496    4.0421  3.7374
 6090   2.4749  2.7148    1.8639  2.7129    2.2222  3.2151    2.1250  0.8500    4.0430  3.7395
 6100   2.4764  2.7155    1.8653  2.7146    2.2224  3.2160    2.1249  0.8502    4.0442  3.7402
 6110   2.4763  2.7159    1.8666  2.7166    2.2216  3.2169    2.1250  0.8501    4.0447  3.7416
 6120   2.4778  2.7164    1.8687  2.7189    2.2208  3.2185    2.1250  0.8498    4.0463  3.7433
 6130   2.4786  2.7171    1.8706  2.7198    2.2210  3.2202    2.1250  0.8496    4.0471  3.7443
 6140   2.4791  2.7166    1.8715  2.7214    2.2201  3.2209    2.1248  0.8497    4.0482  3.7450
 6150   2.4795  2.7172    1.8734  2.7232    2.2204  3.2223    2.1254  0.8497    4.0493  3.7461
 6160   2.4803  2.7182    1.8750  2.7258    2.2194  3.2234    2.1253  0.8496    4.0500  3.7476
 6170   2.4806  2.7184    1.8769  2.7277    2.2197  3.2246    2.1255  0.8495    4.0512  3.7494
 6180   2.4812  2.7180    1.8784  2.7289    2.2193  3.2260    2.1252  0.8501    4.0515  3.7506
 6190   2.4810  2.7186    1.8802  2.7304    2.2186  3.2275    2.1254  0.8501    4.0534  3.7518
 6200   2.4816  2.7190    1.8814  2.7322    2.2189  3.2285    2.1251  0.8495    4.0538  3.7528
 6210   2.4820  2.7195    1.8826  2.7346    2.2181  3.2305    2.1255  0.8505    4.0552  3.7534
 6220   2.4818  2.7202    1.8840  2.7360    2.2177  3.2311    2.1253  0.8496    4.0561  3.7547
 6230   2.4820  2.7195    1.8856  2.7382    2.2178  3.2326    2.1248  0.8496    4.0570  3.7559
 6240   2.4819  2.7205    1.8868  2.7395    2.2174  3.2344    2.1246  0.8497    4.0580  3.7571
 6250   2.4822  2.7207    1.8884  2.7416    2.2172  3.2357    2.1250  0.8504    4.0584  3.7589
 6260   2.4821  2.7203    1.8896  2.7439    2.2173  3.2366    2.1251  0.8500    4.0601  3.7602
 6270   2.4820  2.7208    1.8907  2.7455    2.2171  3.2376    2.1253  0.8498    4.0607  3.7612
 6280   2.4817  2.7207    1.8918  2.7474    2.2169  3.2396    2.1254  0.8504    4.0618  3.7620
 6290   2.4817  2.7207    1.8929  2.7498    2.2171  3.2404    2.1247  0.8504    4.0621  3.7635
 6300   2.4815  2.7215    1.8938  2.7512    2.2168  3.2420    2.1250  0.8496    4.0632  3.7648
 6310   2.4810  2.7217    1.8949  2.7535    2.2165  3.2430    2.1250  0.8498    4.0648  3.7653
 6320   2.4795  2.7216    1.8964  2.7555    2.2166  3.2446    2.1252  0.8497    4.0652  3.7662
 6330   2.4796  2.7212    1.8976  2.7576    2.2166  3.2456    2.1252  0.8502    4.0662  3.7676
 6340   2.4782  2.7213    1.8986  2.7591    2.2161  3.2471    2.1246  0.8496    4.0677  3.7693
 6350   2.4780  2.7211    1.8990  2.7616    2.2163  3.2487    2.1249  0.8502    4.0683  3.7700
 6360   2.4772  2.7210    1.9007  2.7636    2.2162  3.2497    2.1246  0.8500    4.0690  3.7709
 6370   2.4764  2.7214    1.9016  2.7658    2.2166  3.2510    2.1252  0.8497    4.0705  3.7720
 6380   2.4746  2.7215    1.9023  2.7673    2.2163  3.2521    2.1248  0.8497    4.0707  3.7731
 6390   2.4742  2.7207    1.9037  2.7701    2.2162  3.2537    2.1252  0.8503    4.0723  3.7741
 6400   2.4731  2.7214    1.9046  2.7717    2.2168  3.2553    2.1253  0.8504    4.0727  3.7759
 6410   2.4716  2.7211    1.9055  2.7743    2.2169  3.2560    2.1254  0.8503    4.0734  3.7766
 6420   2.4700  2.7208    1.9056  2.7764    2.2161  3.2571    2.1248  0.8501    4.0743  3.7778
 6430   2.4686  2.7202    1.9066  2.7777    2.2168  3.2590    2.1253  0.8501    4.0754  3.7786
 6440   2.4669  2.7206    1.9082  2.7801    2.2166  3.2598    2.1253  0.8498    4.0763  3.7798
 6450   2.4653  2.7199    1.9084  2.7822    2.2168  3.2616    2.1246  0.8496    4.0777  3.7814
 6460   2.4634  2.7199    1.9094  2.7846    2.2167  3.2623    2.1248  0.8502    4.0787  3.7820
 6470   2.4623  2.7198    1.9101  2.7868    2.2173  3.2639    2.1248  0.8500    4.0792  3.7828
 6480   2.4600  2.7187    1.9109  2.7888    2.2175  3.2651    2.1254  0.8498    4.0796  3.7846
 6490   2.4588  2.7185    1.9113  2.7910    2.2181  3.2667    2.1254  0.8498    4.0807  3.7850
 6500   2.4566  2.7187    1.9121  2.7929    2.2183  3.2675    2.1254  0.8505    4.0815  3.7867
 6510   2.4552  2.7179    1.9132  2.7953    2.2187  3.2696    2.1250  0.8505    4.0827  3.7869
 6520   2.4532  2.7181    1.9143  2.7975    2.2188  3.2702    2.1246  0.8503    4.0832  3.7883
 6530   2.4514  2.7169    1.9146  2.8001    2.2189  3.2717    2.1254  0.8498    4.0847  3.7893
 6540   2.4503  2.7171    1.9156  2.8025    2.2200  3.2728    2.1250  0.8501    4.0853  3.7902
 6550   2.4487  2.7164    1.9167  2.8042    2.2203  3.2748    2.1250  0.8498    4.0856  3.7912
 6560   2.4466  2.7157    1.9174  2.8068    2.2201  3.2760    2.1246  0.8503    4.0871  3.7921
 6570   2.4452  2.7156    1.9175  2.8089    2.2214  3.2772    2.1250  0.8495    4.0874  3.7940
 6580   2.4436  2.7151    1.9186  2.8108    2.2213  3.2780    2.1249  0.8496    4.0886  3.7945
 6590   2.4415  2.7136    1.9190  2.8137    2.2218  3.2795    2.1253  0.8504    4.0891  3.7951
 6600   2.4404  2.7136    1.9196  2.8158    2.2230  3.2813    2.1254  0.8502    4.0905  3.7964
 6610   2.4385  2.7133    1.9205  2.8182    2.2236  3.2822    2.1254  0.8499    4.0914  3.7977
 6620   2.4367  2.7124    1.9209  2.8196    2.2236  3.2835    2.1250  0.8497    4.0914  3.7986
 6630   2.4345  2.7111    1.9219  2.8224    2.2245  3.2848    2.1247  0.8496    4.0926  3.7995
 6640   2.4327  2.7111    1.9225  2.8242    2.2252  3.2862    2.1247  0.8498    4.0935  3.8006
 6650   2.4314  2.7103    1.9230  2.8269    2.2260  3.2879    2.1250  0.8497    4.0944  3.8012
 6660   2.4294  2.7097    1.9236  2.8292    2.2262  3.2885    2.1254  0.8501    4.0956  3.8023
 6670   2.4281  2.7091    1.9249  2.8316    2.2273  3.2904    2.1250  0.8496    4.0958  3.8036
 6680   2.4261  2.7076    1.9256  2.8337    2.2284  3.2911    2.1247  0.8497    4.0969  3.8041
 6690   2.4243  2.7067    1.9257  2.8364    2.2289  3.2930    2.1254  0.8499    4.0981  3.8053
 6700   2.4228  2.7067    1.9261  2.8388    2.2297  3.2943    2.1251  0.8500    4.0982  3.8066
 6710   2.4214  2.7057    1.9272  2.8404    2.2304  3.2951    2.1246  0.8502    4.0993  3.8074
 6720   2.4189  2.7047    1.9278  2.8432    2.2310  3.2969    2.1255  0.8503    4.1001  3.8082
 6730   2.4176  2.7043    1.9282  2.8450    2.2320  3.2972    2.1254  0.8505    4.1010  3.8094
 6740   2.4156  2.7034    1.9297  2.8477    2.2333  3.2988    2.1249  0.8505    4.1012  3.8096
 6750   2.4136  2.7026    1.9304  2.8500    2.2343  3.3004    2.1247  0.8499    4.1023  3.8104
 6760   2.4114  2.7007    1.9308  2.8525    2.2354  3.3014    2.1253  0.8498    4.1031  3.8115
 6770   2.4097  2.7007    1.9313  2.8549    2.2361  3.3032    2.1252  0.8496    4.1039  3.8128
 6780   2.4084  2.6996    1.9325  2.8567    2.2375  3.3039    2.1251  0.8504    4.1046  3.8130
 6790   2.4056  2.6981    1.9324  2.8599    2.2382  3.3049    2.1255  0.8496    4.1059  3.8148
 6800   2.4041  2.6972    1.9340  2.8613    2.2397  3.3066    2.1254  0.8503    4.1059  3.8151
 6810   2.4017  2.6966    1.9346  2.8646    2.2412  3.3083    2.1248  0.8504    4.1072  3.8158
 6820   2.4000  2.6952    1.9354  2.8663    2.2424  3.3090    2.1246  0.8503    4.1077  3.8166
 6830   2.3982  2.6946    1.9357  2.8683    2.2439  3.3100    2.1254  0.8505    4.1081  3.8181
 6840   2.3965  2.6937    1.9368  2.8709    2.2450  3.3112    2.1253  0.8504    4.1091  3.8189
 6850   2.3942  2.6921    1.9379  2.8736    2.2458  3.3127    2.1249  0.8505    4.1100  3.8194
 6860   2.3916  2.6918    1.9387  2.8754    2.2478  3.3143    2.1247  0.8499    4.1103  3.8206
 6870   2.3902  2.6900    1.9391  2.8785    2.2495  3.3156    2.1252  0.8501    4.1118  3.8212
 6880   2.3878  2.6894    1.9405  2.8811    2.2507  3.3167    2.1249  0.8501    4.1120  3.8224
 6890   2.3858  2.6882    1.9409  2.8829    2.2519  3.3177    2.1248  0.8497    4.1128  3.8233
 6900   2.3836  2.6866    1.9422  2.8854    2.2532  3.3191    2.1247  0.8502    4.1142  3.8236
 6910   2.3806  2.6857    1.9431  2.8876    2.2548  3.3200    2.1250  0.8502    4.1140  3.8245
 6920   2.3785  2.6848    1.9440  2.8897    2.2563  3.3217    2.1245  0.8498    4.1153  3.8255
 6930   2.3762  2.6837    1.9446  2.8923    2.2583  3.3221    2.1248  0.8495    4.1163  3.8260
 6940   2.3737  2.6821    1.9454  2.8945    2.2599  3.3237    2.1252  0.8504    4.1171  3.8267
 6950   2.3713  2.6815    1.9466  2.8972    2.2619  3.3252    2.1250  0.8497    4.1170  3.8280
 6960   2.3690  2.6796    1.9477  2.8997    2.2639  3.3258    2.1247  0.8497    4.1178  3.8285
 6970   2.3670  2.6789    1.9493  2.9013    2.2651  3.3274    2.1246  0.8497    4.1191  3.8297
 6980   2.3644  2.6778    1.9501  2.9040    2.2673  3.3285    2.1253  0.8497    4.1192  3.8305
 6990   2.3618  2.6769    1.9506  2.9069    2.2687  3.3297    2.1245  0.8499    4.1203  3.8314
 7000   2.3597  2.6753    1.9524  2.9085    2.2706  3.3306    2.1249  0.8500    4.1207  3.8321
 7010   2.3565  2.6743    1.9530  2.9114    2.2725  3.3324    2.1247  0.8504    4.1214  3.8324
 7020   2.3544  2.6733    1.9548  2.9132    2.2752  3.3335    2.1247  0.8500    4.1217  3.8336
 7030   2.3512  2.6713    1.9557  2.9161    2.2773  3.3348    2.1246  0.8498    4.1230  3.8344
 7040   2.3486  2.6704    1.9568  2.9183    2.2787  3.3358    2.1254  0.8501    4.1234  3.8351
 7050   2.3459  2.6687    1.9577  2.9203    2.2813  3.3368    2.1248  0.8500    4.1237  3.8356
 7060   2.3433  2.6676    1.9596  2.9232    2.2835  3.3380    2.1247  0.8503    4.1245  3.8362
 7070   2.3408  2.6665    1.9607  2.9256    2.2860  3.3391    2.1248  0.8496    4.1257  3.8373
 7080   2.3381  2.6648    1.9626  2.9279    2.2882  3.3405    2.1248  0.8505    4.1260  3.8383
 7090   2.3350  2.6641    1.9636  2.9302    2.2899  3.3409    2.1252  0.8499    4.1266  3.8385
 7100   2.3314  2.6626    1.9654  2.9325    2.2920  3.3426    2.1255  0.8500    4.1275  3.8394
 7110   2.3283  2.6612    1.9668  2.9341    2.2951  3.3434    2.1250  0.8497    4.1282  3.8401
 7120   2.3259  2.6600    1.9681  2.9371    2.2970  3.3451    2.1245  0.8498    4.1284  3.8411
 7130   2.3222  2.6589    1.9694  2.9392    2.2996  3.3454    2.1251  0.8504    4.1297  3.8416
 7140   2.3190  2.6578    1.9708  2.9412    2.3020  3.3470    2.1255  0.8499    4.1300  3.8425
 7150   2.3160  2.6561    1.9729  2.9437    2.3053  3.3477    2.1253  0.8499    4.1310  3.8429
 7160   2.3134  2.6551    1.9740  2.9461    2.3077  3.3488    2.1250  0.8505    4.1311  3.8431
 7170   2.3096  2.6533    1.9757  2.9484    2.3106  3.3502    2.1246  0.8497    4.1319  3.8438
 7180   2.3059  2.6526    1.9777  2.9502    2.3128  3.3514    2.1246  0.8499    4.1331  3.8445
 7190   2.3028  2.6503    1.9796  2.9525    2.3157  3.3523    2.1254  0.8502    4.1333  3.8459
 7200   2.2992  2.6498    1.9814  2.9548    2.3187  3.3531    2.1246  0.8496    4.1342  3.8466
 7210   2.2955  2.6477    1.9833  2.9570    2.3212  3.3540    2.1248  0.8498    4.1346  3.8472
 7220   2.2924  2.6464    1.9849  2.9596    2.3239  3.3558    2.1250  0.8501    4.1351  3.8481
 7230   2.2891  2.6454    1.9867  2.9622    2.3271  3.3566    2.1248  0.8498    4.1357  3.8486
 7240   2.2847  2.6444    1.9887  2.9643    2.3300  3.3576    2.1253  0.8498    4.1363  3.8488
 7250   2.2814  2.6430    1.9915  2.9665    2.3332  3.3583    2.1251  0.8500    4.1367  3.8499
 7260   2.2769  2.6414    1.9929  2.9681    2.3358  3.3597    2.1251  0.8504    4.1374  3.8504
 7270   2.2740  2.6399    1.9954  2.9712    2.3394  3.3604    2.1251  0.8503    4.1377  3.8512
 7280   2.2697  2.6389    1.9972  2.9725    2.3423  3.3620    2.1246  0.8504    4.1392  3.8518
 7290   2.2656  2.6372    1.9998  2.9751    2.3463  3.3631    2.1253  0.8499    4.1396  3.8518
 7300   2.2612  2.6357    2.0015  2.9776    2.3491  3.3639    2.1253  0.8503    4.1397  3.8527
 7310   2.2578  2.6339    2.0047  2.9793    2.3524  3.3643    2.1253  0.8498    4.1404  3.8529
 7320   2.2534  2.6326    2.0065  2.9816    2.3559  3.3658    2.1247  0.8503    4.1411  3.8541
 7330   2.2494  2.6316    2.0094  2.9836    2.3590  3.3670    2.1253  0.8501    4.1420  3.8548
 7340   2.2443  2.6306    2.0111  2.9864    2.3625  3.3674    2.1254  0.8505    4.1423  3.8550
 7350   2.2407  2.6293    2.0139  2.9881    2.3661  3.3686    2.1250  0.8498    4.1432  3.8561
 7360   2.2360  2.6276    2.0166  2.9899    2.3699  3.3694    2.1246  0.8495    4.1433  3.8560
 7370   2.2318  2.6260    2.0193  2.9919    2.3737  3.3708    2.1250  0.8499    4.1441  3.8567
 7380   2.2269  2.6251    2.0224  2.9941    2.3772  3.3717    2.1252  0.8502    4.1443  3.8572
 7390   2.2224  2.6236    2.0250  2.9969    2.3812  3.3727    2.1252  0.8504    4.1451  3.8584
 7400   2.2169  2.6224    2.0279  2.9986    2.3846  3.3733    2.1247  0.8499    4.1456  3.8590
 7410   2.2123  2.6209    2.0299  3.0009    2.3891  3.3745    2.1252  0.8502    4.1463  3.8591
 7420   2.2075  2.6195    2.0332  3.0032    2.3931  3.3751    2.1246  0.8499    4.1467  3.8601
 7430   2.2025  2.6181    2.0366  3.0046    2.3970  3.3758    2.1254  0.8501    4.1477  3.8602
 7440   2.1978  2.6166    2.0396  3.0067    2.4005  3.3772    2.1253  0.8502    4.1477  3.8613
 7450   2.1930  2.6155    2.0421  3.0094    2.4043  3.3782    2.1251  0.8497    4.1477  3.8618
 7460   2.1870  2.6136    2.0459  3.0115    2.4087  3.3786    2.1253  0.8501    4.1488  3.8621
 7470   2.1823  2.6121    2.0492  3.0134    2.4130  3.3798    2.1250  0.8498    4.1488  3.8621
 7480   2.1772  2.6109    2.0522  3.0145    2.4169  3.3806    2.1254  0.8500    4.1499  3.8634
 7490   2.1712  2.6095    2.0555  3.0168    2.4219  3.3817    2.1253  0.8503    4.1505  3.8638
 7500   2.1657  2.6082    2.0588  3.0194    2.4262  3.3827    2.1249  0.8497    4.1510  3.8638
 7510   2.1599  2.6074    2.0619  3.0204    2.4304  3.3831    2.1253  0.8497    4.1516  3.8642
 7520   2.1542  2.6059    2.0655  3.0227    2.4354  3.3836    2.1249  0.8500    4.1519  3.8648
 7530   2.1489  2.6049    2.0690  3.0253    2.4399  3.3851    2.1251  0.8498    4.1525  3.8656
 7540   2.1433  2.6034    2.0728  3.0269    2.4441  3.3858    2.1249  0.8503    4.1531  3.8659
 7550   2.1371  2.6021    2.0770  3.0283    2.4483  3.3866    2.1255  0.8495    4.1529  3.8665
 7560   2.1307  2.6006    2.0807  3.0306    2.4534  3.3874    2.1248  0.8504    4.1542  3.8674
 7570   2.1252  2.5995    2.0846  3.0327    2.4582  3.3883    2.1251  0.8498    4.1548  3.8679
 7580   2.1194  2.5983    2.0888  3.0346    2.4634  3.3884    2.1248  0.8501    4.1548  3.8674
 7590   2.1127  2.5972    2.0920  3.0360    2.4681  3.3899    2.1245  0.8504    4.1555  3.8681
 7600   2.1067  2.5957    2.0962  3.0383    2.4733  3.3902    2.1251  0.8497    4.1558  3.8691
 7610   2.1002  2.5943    2.1011  3.0400    2.4776  3.3907    2.1252  0.8503    4.1561  3.8690
 7620   2.0936  2.5930    2.1055  3.0418    2.4828  3.3921    2.1253  0.8504    4.1565  3.8692
 7630   2.0866  2.5919    2.1094  3.0429    2.4878  3.3921    2.1247  0.8498    4.1570  3.8706
 7640   2.0799  2.5905    2.1136  3.0449    2.4933  3.3935    2.1248  0.8495    4.1577  3.8703
 7650   2.0732  2.5891    2.1179  3.0466    2.4988  3.3937    2.1249  0.8499    4.1583  3.8712
 7660   2.0662  2.5885    2.1224  3.0489    2.5035  3.3944    2.1247  0.8503    4.1582  3.8719
 7670   2.0592  2.5873    2.1273  3.0507    2.5097  3.3949    2.1253  0.8496    4.1590  3.8717
 7680   2.0525  2.5854    2.1316  3.0521    2.5152  3.3960    2.1253  0.8502    4.1598  3.8728
 7690   2.0448  2.5845    2.1366  3.0533    2.5208  3.3964    2.1249  0.8503    4.1601  3.8728
 7700   2.0384  2.5835    2.1413  3.0552    2.5256  3.3973    2.1249  0.8500    4.1602  3.8734
 7710   2.0305  2.5818    2.1470  3.0573    2.5313  3.3984    2.1251  0.8501    4.1612  3.8733
 7720   2.0232  2.5807    2.1521  3.0590    2.5369  3.3990    2.1252  0.8497    4.1613  3.8734
 7730   2.0153  2.5799    2.1565  3.0607    2.5430  3.3995    2.1250  0.8497    4.1621  3.8739
 7740   2.0080  2.5787    2.1619  3.0617    2.5492  3.3995    2.1251  0.8499    4.1618  3.8744
 7750   2.0003  2.5779    2.1667  3.0636    2.5549  3.4002    2.1249  0.8504    4.1629  3.8746
 7760   1.9922  2.5765    2.1727  3.0652    2.5608  3.4006    2.1253  0.8503    4.1633  3.8756
 7770   1.9841  2.5757    2.1777  3.0666    2.5672  3.4021    2.1253  0.8504    4.1628  3.8756
 7780   1.9766  2.5741    2.1838  3.0685    2.5728  3.4023    2.1250  0.8503    4.1638  3.8757
 7790   1.9676  2.5728    2.1888  3.0699    2.5791  3.4032    2.1246  0.8499    4.1637  3.8768
 7800   1.9602  2.5725    2.1947  3.0709    2.5854  3.4036    2.1248  0.8503    4.1644  3.8765
 7810   1.9517  2.5715    2.2003  3.0724    2.5920  3.4039    2.1253  0.8505    4.1647  3.8772
 7820   1.9433  2.5698    2.2067  3.0744    2.5982  3.4050    2.1247  0.8502    4.1650  3.8772
 7830   1.9342  2.5692    2.2123  3.0758    2.6045  3.4053    2.1251  0.8502    4.1654  3.8782
 7840   1.9253  2.5684    2.2183  3.0772    2.6116  3.4056    2.1247  0.8496    4.1661  3.8778
 7850   1.9170  2.5668    2.2248  3.0784    2.6179  3.4062    2.1255  0.8497    4.1667  3.8783
 7860   1.9083  2.5656    2.2309  3.0800    2.6243  3.4066    2.1252  0.8497    4.1673  3.8786
 7870   1.8989  2.5655    2.2373  3.0808    2.6315  3.4078    2.1252  0.8498    4.1675  3.8790
 7880   1.8894  2.5640    2.2437  3.0821    2.6382  3.4081    2.1252  0.8500    4.1676  3.8793
 7890   1.8801  2.5635    2.2506  3.0835    2.6454  3.4087    2.1249  0.8495    4.1679  3.8801
 7900   1.8714  2.5621    2.2565  3.0843    2.6529  3.4091    2.1255  0.8496    4.1680  3.8805
 7910   1.8612  2.5612    2.2632  3.0857    2.6596  3.4090    2.1250  0.8497    4.1683  3.8807
 7920   1.8517  2.5606    2.2701  3.0871    2.6669  3.4099    2.1249  0.8503    4.1689  3.8807
 7930   1.8421  2.5599    2.2774  3.0888    2.6737  3.4108    2.1250  0.8498    4.1690  3.8813
 7940   1.8328  2.5586    2.2839  3.0893    2.6809  3.4111    2.1250  0.8496    4.1695  3.8813
 7950   1.8230  2.5583    2.2913  3.0903    2.6886  3.4112    2.1251  0.8499    4.1697  3.8817
 7960   1.8127  2.5570    2.2986  3.0924    2.6960  3.4122    2.1248  0.8501    4.1702  3.8814
 7970   1.8025  2.5564    2.3057  3.0931    2.7036  3.4120    2.1252  0.8502    4.1711  3.8821
 7980   1.7919  2.5557    2.3134  3.0937    2.7113  3.4124    2.1253  0.8503    4.1712  3.8820
 7990   1.7817  2.5552    2.3203  3.0951    2.7195  3.4130    2.1252  0.8501    4.1713  3.8824
 8000   1.7708  2.5545    2.3288  3.0967    2.7272  3.4139    2.1246  0.8497    4.1715  3.8826
 8010   1.7605  2.5534    2.3358  3.0973    2.7347  3.4138    2.1247  0.8503    4.1721  3.8832
 8020   1.7497  2.5525    2.3435  3.0988    2.7424  3.4150    2.1247  0.8497    4.1724  3.8836
 8030   1.7384  2.5517    2.3519  3.0998    2.7506  3.4147    2.1249  0.8500    4.1732  3.8839
 8040   1.7274  2.5518    2.3594  3.1002    2.7584  3.4151    2.1252  0.8498    4.1726  3.8842
 8050   1.7162  2.5507    2.3682  3.1008    2.7675  3.4160    2.1246  0.8503    4.1733  3.8839
 8060   1.7049  2.5499    2.3762  3.1025    2.7756  3.4160    2.1248  0.8505    4.1738  3.8845
 8070   1.6935  2.5498    2.3848  3.1033    2.7833  3.4164    2.1247  0.8496    4.1743  3.8846
 8080   1.6825  2.5494    2.3933  3.1043    2.7919  3.4171    2.1250  0.8496    4.1743  3.8842
 8090   1.6708  2.5481    2.4018  3.1048    2.8005  3.4178    2.1251  0.8504    4.1749  3.8845
 8100   1.6591  2.5484    2.4105  3.1054    2.8092  3.4182    2.1248  0.8500    4.1752  3.8845
 8110   1.6463  2.5479    2.4181  3.1066    2.8174  3.4187    2.1247  0.8499    4.1753  3.8851
 8120   1.6346  2.5470    2.4270  3.1070    2.8267  3.4189    2.1247  0.8497    4.1759  3.8849
 8130   1.6223  2.5459    2.4358  3.1084    2.8348  3.4193    2.1251  0.8496    4.1756  3.8851
 8140   1.6099  2.5456    2.4448  3.1090    2.8438  3.4197    2.1253  0.8505    4.1759  3.8857
 8150   1.5979  2.5458    2.4537  3.1094    2.8532  3.4202    2.1248  0.8504    4.1768  3.8859
 8160   1.5849  2.5444    2.4620  3.1107    2.8616  3.4205    2.1250  0.8496    4.1768  3.8858
 8170   1.5722  2.5442    2.4708  3.1116    2.8711  3.4200    2.1249  0.8498    4.1770  3.8861
 8180   1.5596  2.5442    2.4802  3.1122    2.8798  3.4210    2.1245  0.8498    4.1774  3.8865
 8190   1.5461  2.5434    2.4897  3.1124    2.8898  3.4208    2.1254  0.8499    4.1779  3.8861
 8200   1.5336  2.5430    2.4988  3.1136    2.8986  3.4211    2.1248  0.8496    4.1776  3.8864
 8210   1.5204  2.5426    2.5079  3.1141    2.9082  3.4216    2.1246  0.8503    4.1774  3.8863
 8220   1.5067  2.5417    2.5169  3.1147    2.9175  3.4222    2.1248  0.8505    4.1780  3.8873
 8230   1.4938  2.5418    2.5257  3.1150    2.9268  3.4222    2.1246  0.8504    4.1784  3.8867
 8240   1.4798  2.5413    2.5354  3.1162    2.9367  3.4223    2.1255  0.8500    4.1783  3.8874
 8250   1.4665  2.5406    2.5447  3.1167    2.9459  3.4230    2.1250  0.8500    4.1786  3.8869
 8260   1.4522  2.5405    2.5546  3.1179    2.9557  3.4234    2.1251  0.8504    4.1790  3.8874
 8270   1.4377  2.5402    2.5635  3.1180    2.9657  3.4240    2.1250  0.8498    4.1791  3.8879
 8280   1.4236  2.5391    2.5740  3.1187    2.9754  3.4235    2.1245  0.8504    4.1800  3.8878
 8290   1.4100  2.5396    2.5828  3.1193    2.9862  3.4244    2.1254  0.8498    4.1795  3.8877
 8300   1.3948  2.5392    2.5932  3.1203    2.9960  3.4247    2.1251  0.8498    4.1796  3.8881
 8310   1.3811  2.5384    2.6025  3.1206    3.0059  3.4249    2.1251  0.8505    4.1806  3.8875
 8320   1.3657  2.5380    2.6125  3.1209    3.0163  3.4244    2.1246  0.8501    4.1804  3.8881
 8330   1.3514  2.5376    2.6222  3.1220    3.0262  3.4255    2.1251  0.8504    4.1807  3.8881
 8340   1.3363  2.5373    2.6327  3.1222    3.0367  3.4253    2.1246  0.8495    4.1806  3.8880
 8350   1.3213  2.5371    2.6420  3.1232    3.0467  3.4256    2.1253  0.8500    4.1813  3.8876
 8360   1.3061  2.5370    2.6520  3.1232    3.0574  3.4262    2.1246  0.8496    4.1808  3.8880
 8370   1.2906  2.5363    2.6628  3.1240    3.0681  3.4264    2.1252  0.8499    4.1810  3.8885
 8380   1.2753  2.5359    2.6726  3.1246    3.0793  3.4260    2.1247  0.8496    4.1820  3.8878
 8390   1.2602  2.5356    2.6832  3.1251    3.0896  3.4264    2.1255  0.8500    4.1820  3.8886
 8400   1.2441  2.5356    2.6928  3.1255    3.1000  3.4263    2.1251  0.8504    4.1817  3.8880
 8410   1.2285  2.5352    2.7032  3.1266    3.1117  3.4266    2.1248  0.8497    4.1820  3.8884
 8420   1.2129  2.5354    2.7140  3.1263    3.1221  3.4271    2.1249  0.8505    4.1824  3.8879
 8430   1.1958  2.5350    2.7243  3.1269    3.1335  3.4270    2.1251  0.8503    4.1824  3.8887
 8440   1.1798  2.5343    2.7349  3.1276    3.1446  3.4279    2.1253  0.8499    4.1829  3.8880
 8450   1.1637  2.5340    2.7451  3.1275    3.1558  3.4279    2.1247  0.8496    4.1833  3.8880
 8460   1.1471  2.5336    2.7565  3.1282    3.1672  3.4277    2.1247  0.8497    4.1830  3.8881
 8470   1.1305  2.5337    2.7664  3.1292    3.1782  3.4283    2.1246  0.8497    4.1829  3.8888
 8480   1.1141  2.5331    2.7774  3.1293    3.1895  3.4278    2.1248  0.8497    4.1830  3.8887
 8490   1.0974  2.5332    2.7884  3.1300    3.2012  3.4281    2.1252  0.8501    4.1832  3.8887
 8500   1.0804  2.5328    2.7989  3.1304    3.2122  3.4283    2.1247  0.8500    4.1837  3.8880
 8510   1.0629  2.5329    2.8101  3.1302    3.2246  3.4290    2.1246  0.8505    4.1836  3.8885
 8520   1.0454  2.5324    2.8214  3.1308    3.2358  3.4291    2.1251  0.8501    4.1842  3.8886
 8530   1.0285  2.5331    2.8328  3.1308    3.2474  3.4289    2.1254  0.8499    4.1843  3.8881
 8540   1.0108  2.5321    2.8438  3.1319    3.2599  3.4286    2.1252  0.8500    4.1841  3.8884
 8550   0.9935  2.5322    2.8548  3.1318    3.2711  3.4293    2.1252  0.8503    4.1848  3.8886
 8560   0.9758  2.5323    2.8661  3.1322    3.2831  3.4287    2.1248  0.8502    4.1840  3.8882
 8570   0.9573  2.5320    2.8775  3.1328    3.2959  3.4291    2.1248  0.8495    4.1848  3.8877
 8580   0.9396  2.5323    2.8884  3.1325    3.3080  3.4294    2.1246  0.8503    4.1843  3.8884
 8590   0.9219  2.5321    2.9003  3.1326    3.3199  3.4297    2.1252  0.8495    4.1848  3.8876
 8600   0.9028  2.5316    2.9119  3.1333    3.3319  3.4296    2.1251  0.8502    4.1854  3.8878
 8610   0.8845  2.5317    2.9228  3.1334    3.3451  3.4296    2.1245  0.8503    4.1849  3.8882
 8620   0.8661  2.5316    2.9342  3.1342    3.3571  3.4293    2.1252  0.8502    4.1853  3.8876
 8630   0.8476  2.5315    2.9460  3.1343    3.3698  3.4299    2.1252  0.8501    4.1854  3.8874
 8640   0.8284  2.5314    2.9577  3.1343    3.3819  3.4295    2.1253  0.8504    4.1853  3.8872
 8650   0.8102  2.5313    2.9695  3.1345    3.3947  3.4292    2.1246  0.8503    4.1854  3.8872
 8660   0.7910  2.5312    2.9816  3.1351    3.4078  3.4296    2.1247  0.8497    4.1854  3.8873
 8670   0.7716  2.5312    2.9936  3.1348    3.4205  3.4298    2.1249  0.8495    4.1861  3.8873
 8680   0.7526  2.5310    3.0053  3.1355    3.4337  3.4293    2.1246  0.8505    4.1854  3.8871
 8690   0.7332  2.5312    3.0168  3.1351    3.4467  3.4299    2.1254  0.8501    4.1855  3.8865
 8700   0.7133  2.5316    3.0298  3.1359    3.4592  3.4296    2.1254  0.8500    4.1859  3.8865
 8710   0.6935  2.5312    3.0418  3.1359    3.4727  3.4293    2.1247  0.8504    4.1863  3.8862
 8720   0.6734  2.5313    3.0540  3.1360    3.4856  3.4300    2.1250  0.8496    4.1863  3.8864
 8730   0.6539  2.5307    3.0658  3.1353    3.4994  3.4293    2.1246  0.8504    4.1856  3.8865
 8740   0.6335  2.5312    3.0784  3.1355    3.5127  3.4293    2.1252  0.8498    4.1861  3.8865
 8750   0.6133  2.5312    3.0904  3.1364    3.5257  3.4294    2.1252  0.8502    4.1865  3.8860
 8760   0.5929  2.5311    3.1032  3.1361    3.5396  3.4292    2.1251  0.8500    4.1863  3.8859
 8770   0.5728  2.5310    3.1155  3.1364    3.5532  3.4296    2.1249  0.8497    4.1862  3.8859
 8780   0.5516  2.5312    3.1276  3.1362    3.5664  3.4299    2.1255  0.8496    4.1867  3.8860
 8790   0.5317  2.5317    3.1406  3.1368    3.5801  3.4294    2.1247  0.8504    4.1863  3.8850
 8800   0.5105  2.5310    3.1533  3.1365    3.5945  3.4299    2.1245  0.8505    4.1868  3.8849
 8810   0.4892  2.5319    3.1661  3.1361    3.6079  3.4295    2.1249  0.8500    4.1864  3.8852
 8820   0.4687  2.5314    3.1785  3.1368    3.6223  3.4298    2.1253  0.8495    4.1862  3.8846
 8830   0.4467  2.5317    3.1915  3.1367    3.6360  3.4292    2.1247  0.8499    4.1868  3.8846
 8840   0.4255  2.5317    3.2045  3.1363    3.6503  3.4293    2.1250  0.8496    4.1867  3.8844
 8850   0.4041  2.5323    3.2177  3.1362    3.6641  3.4295    2.1254  0.8497    4.1868  3.8847
 8860   0.3824  2.5324    3.2302  3.1369    3.6788  3.4293    2.1253  0.8502    4.1863  3.8845
 8870   0.3607  2.5320    3.2434  3.1361    3.6931  3.4289    2.1250  0.8495    4.1869  3.8843
 8880   0.3386  2.5325    3.2566  3.1367    3.7078  3.4285    2.1255  0.8496    4.1870  3.8839
 8890   0.3167  2.5328    3.2694  3.1361    3.7217  3.4285    2.1254  0.8495    4.1866  3.8831
 8900   0.2951  2.5326    3.2833  3.1367    3.7366  3.4282    2.1246  0.8501    4.1868  3.8831
 8910   0.2726  2.5325    3.2961  3.1364    3.7514  3.4285    2.1253  0.8503    4.1863  3.8825
 8920   0.2495  2.5334    3.3101  3.1365    3.7658  3.4286    2.1249  0.8502    4.1865  3.8825
 8930   0.2269  2.5332    3.3229  3.1364    3.7809  3.4278    2.1253  0.8501    4.1862  3.8824
 8940   0.2051  2.5336    3.3368  3.1360    3.7957  3.4276    2.1248  0.8496    4.1864  3.8825
 8950   0.1819  2.5336    3.3503  3.1358    3.8107  3.4282    2.1251  0.8504    4.1870  3.8824
 8960   0.1586  2.5340    3.3636  3.1358    3.8259  3.4275    2.1245  0.8499    4.1862  3.8820
 8970   0.1356  2.5342    3.3770  3.1353    3.8411  3.4276    2.1252  0.8496    4.1865  3.8818
 8980   0.1125  2.5349    3.3911  3.1355    3.8555  3.4276    2.1246  0.8500    4.1868  3.8814
 8990   0.0892  2.5349    3.4051  3.1348    3.8715  3.4272    2.1253  0.8499    4.1869  3.8811
 9000   0.0660  2.5345    3.4190  3.1349    3.8865  3.4270    2.1246  0.8496    4.1863  3.8802
 9010   0.0421  2.5349    3.4328  3.1353    3.9023  3.4264    2.1252  0.8496    4.1862  3.8804
 9020   0.0186  2.5354    3.4466  3.1349    3.9170  3.4271    2.1255  0.8503    4.1863  3.8800
 9030  -0.0055  2.5357    3.4610  3.1342    3.9325  3.4268    2.1251  0.8499    4.1869  3.8797
 9040  -0.0287  2.5363    3.4749  3.1344    3.9483  3.4262    2.1250  0.8497    4.1860  3.8792
 9050  -0.0532  2.5365    3.4883  3.1342    3.9640  3.4259    2.1253  0.8495    4.1862  3.8792
 9060  -0.0775  2.5370    3.5035  3.1337    3.9803  3.4262    2.1250  0.8498    4.1866  3.8786
 9070  -0.1018  2.5373    3.5173  3.1336    3.9957  3.4260    2.1253  0.8501    4.1859  3.8788
 9080  -0.1260  2.5376    3.5314  3.1331    4.0117  3.4253    2.1249  0.8505    4.1857  3.8778
 9090  -0.1506  2.5378    3.5459  3.1332    4.0273  3.4251    2.1252  0.8498    4.1863  3.8779
 9100  -0.1761  2.5381    3.5605  3.1323    4.0440  3.4253    2.1253  0.8504    4.1862  3.8777
 9110  -0.2001  2.5384    3.5743  3.1320    4.0596  3.4245    2.1248  0.8502    4.1862  3.8768
 9120  -0.2261  2.5389    3.5898  3.1320    4.0765  3.4240    2.1250  0.8503    4.1856  3.8770
 9130  -0.2507  2.5395    3.6041  3.1318    4.0923  3.4242    2.1250  0.8499    4.1855  3.8759
 9140  -0.2763  2.5395    3.6187  3.1316    4.1093  3.4241    2.1250  0.8502    4.1856  3.8764
 9150  -0.3012  2.5399    3.6333  3.1313    4.1252  3.4231    2.1255  0.8501    4.1853  3.8752
 9160  -0.3271  2.5400    3.6481  3.1309    4.1423  3.4234    2.1247  0.8499    4.1858  3.8757
 9170  -0.3521  2.5409    3.6630  3.1303    4.1580  3.4226    2.1247  0.8501    4.1857  3.8748
 9180  -0.3780  2.5407    3.6782  3.1297    4.1752  3.4223    2.1252  0.8502    4.1853  3.8749
 9190  -0.4047  2.5418    3.6925  3.1298    4.1918  3.4223    2.1251  0.8498    4.1851  3.8742
 9200  -0.4302  2.5419    3.7080  3.1294    4.2088  3.4219    2.1246  0.8504    4.1854  3.8735
 9210  -0.4563  2.5421    3.7225  3.1289    4.2261  3.4213    2.1252  0.8501    4.1852  3.8735
 9220  -0.4831  2.5424    3.7384  3.1285    4.2427  3.4212    2.1254  0.8497    4.1845  3.8730
 9230  -0.5095  2.5439    3.7537  3.1278    4.2596  3.4208    2.1248  0.8503    4.1851  3.8729
 9240  -0.5353  2.5439    3.7681  3.1278    4.2770  3.4206    2.1247  0.8503    4.1847  3.8716
 9250  -0.5625  2.5439    3.7842  3.1272    4.2944  3.4201    2.1250  0.8498    4.1842  3.8716
 9260  -0.5895  2.5449    3.7991  3.1260    4.3112  3.4199    2.1248  0.8496    4.1843  3.8716
 9270  -0.6163  2.5453    3.8149  3.1259    4.3289  3.4200    2.1251  0.8497    4.1843  3.8713
 9280  -0.6437  2.5459    3.8303  3.1254    4.3459  3.4192    2.1249  0.8495    4.1840  3.8703
 9290  -0.6706  2.5462    3.8453  3.1251    4.3637  3.4189    2.1254  0.8500    4.1837  3.8702
 9300  -0.6982  2.5467    3.8614  3.1242    4.3810  3.4187    2.1251  0.8496    4.1838  3.8695
 9310  -0.7249  2.5476    3.8771  3.1237    4.3992  3.4184    2.1246  0.8497    4.1838  3.8686
 9320  -0.7530  2.5481    3.8928  3.1230    4.4164  3.4177    2.1253  0.8497    4.1835  3.8685
 9330  -0.7807  2.5481    3.9083  3.1230    4.4347  3.4179    2.1245  0.8498    4.1837  3.8683
 9340  -0.8084  2.5496    3.9242  3.1226    4.4520  3.4167    2.1249  0.8501    4.1829  3.8679
 9350  -0.8368  2.5496    3.9402  3.1213    4.4705  3.4167    2.1254  0.8503    4.1830  3.8669
 9360  -0.8645  2.5505    3.9557  3.1215    4.4879  3.4164    2.1254  0.8505    4.1832  3.8670
 9370  -0.8923  2.5513    3.9721  3.1204    4.5063  3.4161    2.1251  0.8496    4.1824  3.8658
 9380  -0.9207  2.5517    3.9882  3.1201    4.5249  3.4155    2.1252  0.8498    4.1827  3.8661
 9390      NaN     NaN    4.0041  3.1193    4.5431  3.4148    2.1249  0.8499    4.1825  3.8649
 9400      NaN     NaN    4.0200  3.1189    4.5608  3.4149    2.1249  0.8497    4.1819  3.8649
 9410      NaN     NaN    4.0366  3.1181    4.5796  3.4146    2.1251  0.8498    4.1820  3.8640
 9420      NaN     NaN    4.0529  3.1176    4.5979  3.4134    2.1254  0.8496    4.1823  3.8633
 9430      NaN     NaN    4.0689  3.1162    4.6166  3.4129    2.1245  0.8501    4.1816  3.8627
 9440      NaN     NaN    4.0856  3.1163    4.6352  3.4128    2.1254  0.8503    4.1819  3.8626
 9450      NaN     NaN    4.1027  3.1155    4.6545  3.4128    2.1247  0.8498    4.1815  3.8617
 9460      NaN     NaN    4.1193  3.1151    4.6725  3.4121    2.1252  0.8505    4.1816  3.8617
 9470      NaN     NaN    4.1359  3.1139    4.6915  3.4113    2.1250  0.8497    4.1808  3.8610
 9480      NaN     NaN    4.1517  3.1132    4.7109  3.4112    2.1247  0.8502    4.1804  3.8601
 9490      NaN     NaN    4.1686  3.1120    4.7292  3.4103    2.1254  0.8501    4.1804  3.8595
 9500      NaN     NaN    4.1853  3.1121    4.7488  3.4104    2.1253  0.8497    4.1808  3.8597
 9510      NaN     NaN    4.2024  3.1106    4.7681  3.4091    2.1253  0.8502    4.1802  3.8589
 9520      NaN     NaN    4.2195  3.1099    4.7869  3.4092    2.1252  0.8503    4.1802  3.8582
 9530      NaN     NaN    4.2358  3.1093    4.8066  3.4087    2.1247  0.8500    4.1796  3.8578
 9540      NaN     NaN    4.2529  3.1090    4.8257  3.4074    2.1254  0.8500    4.1795  3.8571
 9550      NaN     NaN    4.2708  3.1073    4.8457  3.4078    2.1252  0.8496    4.1795  3.8569
 9560      NaN     NaN    4.2871  3.1067    4.8649  3.4071    2.1245  0.8496    4.1787  3.8555
 9570      NaN     NaN    4.3043  3.1063    4.8848  3.4060    2.1247  0.8505    4.1785  3.8558
 9580      NaN     NaN    4.3224  3.1050    4.9039  3.4057    2.1252  0.8498    4.1780  3.8552
 9590      NaN     NaN    4.3393  3.1044    4.9244  3.4053    2.1251  0.8499    4.1787  3.8537
 9600      NaN     NaN    4.3568  3.1037    4.9443  3.4049    2.1255  0.8499    4.1782  3.8533
 9610      NaN     NaN    4.3739  3.1025    4.9637  3.4036    2.1249  0.8500    4.1776  3.8527
 9620      NaN     NaN    4.3918  3.1015    4.9833  3.4036    2.1252  0.8496    4.1774  3.8523
 9630      NaN     NaN    4.4091  3.1008    5.0037  3.4031    2.1252  0.8504    4.1771  3.8519
 9640      NaN     NaN    4.4266  3.1000    5.0237  3.4018    2.1250  0.8499    4.1771  3.8507
 9650      NaN     NaN    4.4446  3.0988    5.0440  3.4021    2.1250  0.8503    4.1766  3.8503
 9660      NaN     NaN    4.4624  3.0978    5.0642  3.4013    2.1252  0.8503    4.1763  3.8502
 9670      NaN     NaN    4.4797  3.0977    5.0850  3.4007    2.1253  0.8499    4.1759  3.8490
 9680      NaN     NaN    4.4982  3.0967    5.1049  3.3998    2.1253  0.8504    4.1757  3.8488
 9690      NaN     NaN    4.5157  3.0951    5.1259  3.3994    2.1252  0.8496    4.1756  3.8476
 9700      NaN     NaN    4.5332  3.0949    5.1462  3.3989    2.1252  0.8505    4.1757  3.8469
 9710      NaN     NaN    4.5520  3.0939       NaN     NaN    2.1249  0.8503    4.1750  3.8465
 9720      NaN     NaN    4.5701  3.0929       NaN     NaN    2.1251  0.8502    4.1743  3.8459
 9730      NaN     NaN    4.5879  3.0914       NaN     NaN    2.1248  0.8502    4.1748  3.8448
 9740      NaN     NaN    4.6063  3.0908       NaN     NaN    2.1247  0.8495    4.1739  3.8442
 9750      NaN     NaN    4.6245  3.0898       NaN     NaN    2.1249  0.8499    4.1743  3.8435
 9760      NaN     NaN    4.6430  3.0885       NaN     NaN    2.1252  0.8502    4.1739  3.8433
 9770      NaN     NaN    4.6615  3.0874       NaN     NaN    2.1247  0.8496    4.1736  3.8429
 9780      NaN     NaN    4.6792  3.0864       NaN     NaN    2.1247  0.8498    4.1724  3.8415
 9790      NaN     NaN    4.6983  3.0847       NaN     NaN    2.1247  0.8505    4.1725  3.8414
 9800      NaN     NaN    4.7170  3.0843       NaN     NaN    2.1249  0.8498    4.1726  3.8407
 9810      NaN     NaN    4.7349  3.0827       NaN     NaN    2.1251  0.8503    4.1714  3.8395
 9820      NaN     NaN    4.7535  3.0818       NaN     NaN    2.1249  0.8500    4.1712  3.8386
 9830      NaN     NaN    4.7722  3.0806       NaN     NaN    2.1245  0.8501    4.1714  3.8384
 9840      NaN     NaN    4.7912  3.0794       NaN     NaN    2.1250  0.8495    4.1706  3.8377
 9850      NaN     NaN    4.8104  3.0788       NaN     NaN    2.1252  0.8503    4.1704  3.8367
 9860      NaN     NaN    4.8286  3.0776       NaN     NaN    2.1248  0.8495    4.1703  3.8361
 9870      NaN     NaN    4.8486  3.0758       NaN     NaN    2.1247  0.8500    4.1702  3.8347
 9880      NaN     NaN    4.8676  3.0748       NaN     NaN    2.1250  0.8499    4.1693  3.8347
 9890      NaN     NaN    4.8864  3.0737       NaN     NaN    2.1245  0.8501    4.1688  3.8341
 9900      NaN     NaN    4.9052  3.0725       NaN     NaN    2.1246  0.8501    4.1691  3.8334
 9910      NaN     NaN    4.9242  3.0715       NaN     NaN    2.1249  0.8498    4.1688  3.8325
 9920      NaN     NaN    4.9438  3.0700       NaN     NaN    2.1254  0.8501    4.1678  3.8318
 9930      NaN     NaN    4.9635  3.0687       NaN     NaN    2.1251  0.8496    4.1674  3.8304
 9940      NaN     NaN    4.9823  3.0679       NaN     NaN    2.1248  0.8504    4.1671  3.8295
 9950      NaN     NaN    5.0020  3.0661       NaN     NaN    2.1252  0.8497    4.1666  3.8287
 9960      NaN     NaN    5.0210  3.0648       NaN     NaN    2.1245  0.8500    4.1661  3.8286
 9970      NaN     NaN    5.0414  3.0634       NaN     NaN    2.1255  0.8500    4.1666  3.8279
 9980      NaN     NaN    5.0604  3.0626       NaN     NaN    2.1246  0.8500    4.1659  3.8262
 9990      NaN     NaN    5.0801  3.0610       NaN     NaN    2.1254  0.8501    4.1651  3.8253
10000      NaN     NaN    5.1004  3.0600       NaN     NaN    2.1247  0.8502    4.1655  3.8253
