# Experimental sample (obstacle trajectories) - time in milliseconds, distance in meters
# (NaN measurements indicate the corresponding object is outside the working space)
#   t | obj1_x  obj1_y  | obj2_x  obj2_y  | obj3_x  obj3_y  | obj4_x  obj4_y | robot_x robot_y
    0   2.8900  1.3603       NaN     NaN       NaN     NaN    2.1245  0.8501    0.8498  0.0004
   10   2.8806  1.3922       NaN     NaN       NaN     NaN    2.1251  0.8501    0.8493  0.0068
   20   2.8708  1.4229       NaN     NaN       NaN     NaN    2.1248  0.8501    0.8495  0.0138
   30   2.8608  1.4549       NaN     NaN       NaN     NaN    2.1252  0.8502    0.8487  0.0207
   40   2.8506  1.4852       NaN     NaN       NaN     NaN    2.1254  0.8501    0.8483  0.0270
   50   2.8416  1.5158       NaN     NaN       NaN     NaN    2.1254  0.8496    0.8484  0.0342
   60   2.8314  1.5463       NaN     NaN       NaN     NaN    2.1254  0.8504    0.8487  0.0402
   70   2.8220  1.5766       NaN     NaN       NaN     NaN    2.1248  0.8496    0.8489  0.0477
   80   2.8121  1.6059       NaN     NaN       NaN     NaN    2.1247  0.8500    0.8489  0.0543
   90   2.8031  1.6347       NaN     NaN       NaN     NaN    2.1249  0.8504    0.8490  0.0603
  100   2.7933  1.6638       NaN     NaN       NaN     NaN    2.1253  0.8495    0.8488  0.0673
  110   2.7836  1.6928       NaN     NaN       NaN     NaN    2.1250  0.8502    0.8491  0.0736
  120   2.7744  1.7212       NaN     NaN       NaN     NaN    2.1247  0.8501    0.8495  0.0808
  130   2.7655  1.7492       NaN     NaN       NaN     NaN    2.1251  0.8502    0.8494  0.0865
  140   2.7554  1.7772       NaN     NaN       NaN     NaN    2.1249  0.8503    0.8500  0.0940
  150   2.7464  1.8046       NaN     NaN       NaN     NaN    2.1245  0.8496    0.8503  0.1005
  160   2.7378  1.8308       NaN     NaN       NaN     NaN    2.1248  0.8497    0.8512  0.1069
  170   2.7279  1.8576       NaN     NaN       NaN     NaN    2.1249  0.8497    0.8513  0.1127
  180   2.7194  1.8840       NaN     NaN       NaN     NaN    2.1250  0.8498    0.8518  0.1191
  190   2.7099  1.9102       NaN     NaN       NaN     NaN    2.1252  0.8500    0.8523  0.1260
  200   2.7010  1.9361       NaN     NaN       NaN     NaN    2.1246  0.8498    0.8538  0.1326
  210   2.6914  1.9617       NaN     NaN       NaN     NaN    2.1253  0.8496    0.8540  0.1389
  220   2.6831  1.9873       NaN     NaN       NaN     NaN    2.1248  0.8500    0.8555  0.1451
  230   2.6742  2.0119       NaN     NaN       NaN     NaN    2.1254  0.8498    0.8562  0.1517
  240   2.6650  2.0360       NaN     NaN       NaN     NaN    2.1251  0.8499    0.8567  0.1587
  250   2.6562  2.0605       NaN     NaN       NaN     NaN    2.1250  0.8502    0.8582  0.1652
  260   2.6468  2.0842       NaN     NaN       NaN     NaN    2.1252  0.8500    0.8586  0.1712
  270   2.6385  2.1081       NaN     NaN       NaN     NaN    2.1250  0.8503    0.8600  0.1772
  280   2.6293  2.1315       NaN     NaN       NaN     NaN    2.1250  0.8504    0.8609  0.1837
  290   2.6206  2.1541       NaN     NaN       NaN     NaN    2.1251  0.8496    0.8623  0.1903
  300   2.6122  2.1770       NaN     NaN       NaN     NaN    2.1252  0.8501    0.8638  0.1967
  310   2.6031  2.1993       NaN     NaN       NaN     NaN    2.1247  0.8501    0.8651  0.2029
  320   2.5945  2.2211       NaN     NaN       NaN     NaN    2.1250  0.8498    0.8665  0.2090
  330   2.5861  2.2431       NaN     NaN       NaN     NaN    2.1247  0.8502    0.8681  0.2156
  340   2.5776  2.2638       NaN     NaN       NaN     NaN    2.1252  0.8500    0.8704  0.2216
  350   2.5696  2.2847       NaN     NaN       NaN     NaN    2.1246  0.8495    0.8715  0.2273
  360   2.5609  2.3057       NaN     NaN       NaN     NaN    2.1250  0.8497    0.8733  0.2342
  370   2.5529  2.3262       NaN     NaN       NaN     NaN    2.1246  0.8500    0.8752  0.2402
  380   2.5439  2.3466       NaN     NaN       NaN     NaN    2.1245  0.8500    0.8771  0.2462
  390   2.5356  2.3656       NaN     NaN       NaN     NaN    2.1247  0.8500    0.8790  0.2519
  400   2.5279  2.3858       NaN     NaN       NaN     NaN    2.1248  0.8502    0.8801  0.2582
  410   2.5196  2.4041       NaN     NaN       NaN     NaN    2.1249  0.8498    0.8829  0.2643
  420   2.5114  2.4234       NaN     NaN       NaN     NaN    2.1248  0.8498    0.8845  0.2708
  430   2.5034  2.4417       NaN     NaN       NaN     NaN    2.1247  0.8498    0.8871  0.2772
  440   2.4955  2.4595       NaN     NaN       NaN     NaN    2.1252  0.8499    0.8890  0.2830
  450   2.4870  2.4777       NaN     NaN       NaN     NaN    2.1252  0.8499    0.8911  0.2889
  460   2.4790  2.4953       NaN     NaN       NaN     NaN    2.1253  0.8501    0.8937  0.2947
  470   2.4714  2.5128       NaN     NaN       NaN     NaN    2.1250  0.8502    0.8962  0.3012
  480   2.4629  2.5295       NaN     NaN       NaN     NaN    2.1245  0.8499    0.8983  0.3066
  490   2.4546  2.5455       NaN     NaN       NaN     NaN    2.1248  0.8496    0.9008  0.3127
  500   2.4476  2.5628       NaN     NaN       NaN     NaN    2.1246  0.8504    0.9032  0.3184
  510   2.4395  2.5780       NaN     NaN       NaN     NaN    2.1246  0.8499    0.9056  0.3250
  520   2.4315  2.5942       NaN     NaN       NaN     NaN    2.1250  0.8501    0.9088  0.3304
  530   2.4243  2.6094       NaN     NaN       NaN     NaN    2.1252  0.8501    0.9113  0.3363
  540   2.4162  2.6245       NaN     NaN       NaN     NaN    2.1246  0.8498    0.9135  0.3429
  550   2.4085  2.6393       NaN     NaN       NaN     NaN    2.1248  0.8502    0.9169  0.3478
  560   2.4010  2.6535       NaN     NaN       NaN     NaN    2.1251  0.8498    0.9198  0.3543
  570   2.3930  2.6667       NaN     NaN       NaN     NaN    2.1250  0.8495    0.9226  0.3599
  580   2.3859  2.6814       NaN     NaN       NaN     NaN    2.1248  0.8499    0.9251  0.3663
  590   2.3785  2.6943       NaN     NaN       NaN     NaN    2.1249  0.8497    0.9288  0.3713
  600   2.3708  2.7076       NaN     NaN       NaN     NaN    2.1247  0.8495    0.9318  0.3770
  610   2.3634  2.7205       NaN     NaN       NaN     NaN    2.1251  0.8501    0.9349  0.3829
  620   2.3554  2.7324       NaN     NaN       NaN     NaN    2.1251  0.8502    0.9383  0.3894
  630   2.3484  2.7450       NaN     NaN       NaN     NaN    2.1252  0.8499    0.9411  0.3951
  640   2.3415  2.7565       NaN     NaN       NaN     NaN    2.1245  0.8497    0.9451  0.4001
  650   2.3344  2.7683       NaN     NaN       NaN     NaN    2.1252  0.8504    0.9477  0.4056
  660   2.3268  2.7791       NaN     NaN       NaN     NaN    2.1246  0.8502    0.9516  0.4115
  670   2.3191  2.7908       NaN     NaN       NaN     NaN    2.1246  0.8496    0.9551  0.4176
  680   2.3123  2.8022       NaN     NaN       NaN     NaN    2.1248  0.8500    0.9588  0.4232
  690   2.3047  2.8132       NaN     NaN       NaN     NaN    2.1248  0.8502    0.9625  0.4284
  700   2.2981  2.8239       NaN     NaN       NaN     NaN    2.1252  0.8502    0.9660  0.4347
  710   2.2901  2.8353       NaN     NaN       NaN     NaN    2.1255  0.8496    0.9693  0.4396
  720   2.2830  2.8459       NaN     NaN       NaN     NaN    2.1246  0.8503    0.9739  0.4451
  730   2.2761  2.8567       NaN     NaN       NaN     NaN    2.1255  0.8497    0.9772  0.4512
  740   2.2690  2.8682       NaN     NaN       NaN     NaN    2.1252  0.8499    0.9819  0.4568
  750   2.2615  2.8789       NaN     NaN       NaN     NaN    2.1252  0.8503    0.9850  0.4621
  760   2.2547  2.8892       NaN     NaN       NaN     NaN    2.1249  0.8498    0.9893  0.4673
  770   2.2477  2.9000       NaN     NaN       NaN     NaN    2.1254  0.8498    0.9935  0.4732
  780   2.2407  2.9101       NaN     NaN       NaN     NaN    2.1250  0.8499    0.9977  0.4789
  790   2.2329  2.9208       NaN     NaN       NaN     NaN    2.1254  0.8503    1.0026  0.4837
  800   2.2256  2.9303       NaN     NaN       NaN     NaN    2.1251  0.8502    1.0067  0.4897
  810   2.2194  2.9409       NaN     NaN       NaN     NaN    2.1251  0.8500    1.0109  0.4953
  820   2.2121  2.9513       NaN     NaN       NaN     NaN    2.1251  0.8501    1.0147  0.5003
  830   2.2050  2.9613       NaN     NaN       NaN     NaN    2.1248  0.8504    1.0192  0.5060
  840   2.1980  2.9709       NaN     NaN       NaN     NaN    2.1252  0.8497    1.0240  0.5108
  850   2.1902  2.9811       NaN     NaN       NaN     NaN    2.1253  0.8497    1.0285  0.5166
  860   2.1838  2.9909       NaN     NaN       NaN     NaN    2.1253  0.8497    1.0332  0.5222
  870   2.1763  3.0014       NaN     NaN       NaN     NaN    2.1251  0.8502    1.0385  0.5275
  880   2.1695  3.0112       NaN     NaN       NaN     NaN    2.1252  0.8498    1.0434  0.5328
  890   2.1618  3.0208       NaN     NaN       NaN     NaN    2.1246  0.8496    1.0481  0.5378
  900   2.1557  3.0297       NaN     NaN       NaN     NaN    2.1254  0.8498    1.0527  0.5428
  910   2.1485  3.0392       NaN     NaN       NaN     NaN    2.1246  0.8498    1.0572  0.5485
  920   2.1410  3.0487       NaN     NaN       NaN     NaN    2.1249  0.8498    1.0631  0.5537
  930   2.1344  3.0580       NaN     NaN       NaN     NaN    2.1247  0.8499    1.0679  0.5590
  940   2.1267  3.0678       NaN     NaN       NaN     NaN    2.1249  0.8502    1.0727  0.5642
  950   2.1201  3.0769       NaN     NaN       NaN     NaN    2.1253  0.8503    1.0780  0.5689
  960   2.1134  3.0867       NaN     NaN       NaN     NaN    2.1252  0.8498    1.0833  0.5748
  970   2.1061  3.0956   -0.8478  2.5515       NaN     NaN    2.1253  0.8504    1.0888  0.5795
  980   2.0994  3.1047   -0.8373  2.5559       NaN     NaN    2.1254  0.8502    1.0937  0.5846
  990   2.0923  3.1142   -0.8266  2.5604       NaN     NaN    2.1253  0.8503    1.0991  0.5903
 1000   2.0853  3.1228   -0.8160  2.5647       NaN     NaN    2.1247  0.8504    1.1055  0.5953
 1010   2.0782  3.1321   -0.8054  2.5696       NaN     NaN    2.1249  0.8502    1.1108  0.5999
 1020   2.0709  3.1408   -0.7950  2.5742       NaN     NaN    2.1251  0.8498    1.1166  0.6055
 1030   2.0642  3.1498   -0.7843  2.5794       NaN     NaN    2.1254  0.8501    1.1226  0.6107
 1040   2.0575  3.1587   -0.7739  2.5840       NaN     NaN    2.1253  0.8495    1.1283  0.6149
 1050   2.0505  3.1668   -0.7635  2.5881       NaN     NaN    2.1252  0.8497    1.1344  0.6205
 1060   2.0432  3.1756   -0.7525  2.5931       NaN     NaN    2.1255  0.8498    1.1406  0.6256
 1070   2.0361  3.1844   -0.7425  2.5972       NaN     NaN    2.1247  0.8503    1.1471  0.6308
 1080   2.0292  3.1929   -0.7320  2.6019       NaN     NaN    2.1249  0.8505    1.1534  0.6350
 1090   2.0228  3.2018   -0.7209  2.6063       NaN     NaN    2.1248  0.8503    1.1596  0.6403
 1100   2.0158  3.2097   -0.7104  2.6105       NaN     NaN    2.1253  0.8497    1.1668  0.6458
 1110   2.0087  3.2178   -0.6997  2.6151       NaN     NaN    2.1252  0.8497    1.1733  0.6503
 1120   2.0017  3.2264   -0.6892  2.6188       NaN     NaN    2.1249  0.8497    1.1806  0.6554
 1130   1.9945  3.2345   -0.6793  2.6238       NaN     NaN    2.1249  0.8501    1.1871  0.6606
 1140   1.9881  3.2435   -0.6683  2.6276       NaN     NaN    2.1254  0.8496    1.1950  0.6659
 1150   1.9811  3.2514   -0.6578  2.6326       NaN     NaN    2.1251  0.8504    1.2014  0.6706
 1160   1.9743  3.2592   -0.6470  2.6368       NaN     NaN    2.1253  0.8504    1.2089  0.6757
 1170   1.9678  3.2681   -0.6371  2.6405       NaN     NaN    2.1250  0.8499    1.2162  0.6800
 1180   1.9602  3.2755   -0.6260  2.6443       NaN     NaN    2.1247  0.8502    1.2240  0.6848
 1190   1.9533  3.2838   -0.6158  2.6488       NaN     NaN    2.1248  0.8498    1.2317  0.6903
 1200   1.9471  3.2922   -0.6054  2.6528       NaN     NaN    2.1254  0.8503    1.2394  0.6953
 1210   1.9402  3.2994   -0.5951  2.6568       NaN     NaN    2.1249  0.8502    1.2471  0.7000
 1220   1.9330  3.3078   -0.5840  2.6611       NaN     NaN    2.1254  0.8496    1.2550  0.7043
 1230   1.9266  3.3155   -0.5738  2.6650       NaN     NaN    2.1252  0.8502    1.2634  0.7097
 1240   1.9192  3.3234   -0.5626  2.6690       NaN     NaN    2.1254  0.8495    1.2715  0.7140
 1250   1.9121  3.3313   -0.5527  2.6739       NaN     NaN    2.1247  0.8504    1.2797  0.7190
 1260   1.9055  3.3390   -0.5417  2.6775       NaN     NaN    2.1245  0.8503    1.2877  0.7240
 1270   1.8983  3.3466   -0.5313  2.6810       NaN     NaN    2.1249  0.8505    1.2964  0.7286
 1280   1.8923  3.3539   -0.5206  2.6853       NaN     NaN    2.1251  0.8497    1.3046  0.7336
 1290   1.8854  3.3620   -0.5106  2.6891       NaN     NaN    2.1253  0.8497    1.3129  0.7385
 1300   1.8785  3.3691   -0.4994  2.6931       NaN     NaN    2.1246  0.8500    1.3212  0.7427
 1310   1.8717  3.3770   -0.4892  2.6968       NaN     NaN    2.1253  0.8501    1.3304  0.7482
 1320   1.8648  3.3842   -0.4789  2.7005       NaN     NaN    2.1253  0.8500    1.3387  0.7527
 1330   1.8577  3.3917   -0.4681  2.7042       NaN     NaN    2.1250  0.8501    1.3478  0.7567
 1340   1.8514  3.3996   -0.4581  2.7081       NaN     NaN    2.1245  0.8504    1.3567  0.7617
 1350   1.8448  3.4066   -0.4473  2.7122       NaN     NaN    2.1250  0.8501    1.3652  0.7668
 1360   1.8377  3.4144   -0.4363  2.7159       NaN     NaN    2.1252  0.8499    1.3740  0.7716
 1370   1.8304  3.4218   -0.4263  2.7194       NaN     NaN    2.1248  0.8504    1.3836  0.7756
 1380   1.8240  3.4289   -0.4157  2.7237       NaN     NaN    2.1249  0.8497    1.3923  0.7808
 1390   1.8168  3.4359   -0.4054  2.7269       NaN     NaN    2.1252  0.8503    1.4009  0.7847
 1400   1.8108  3.4438   -0.3943  2.7304       NaN     NaN    2.1253  0.8501    1.4103  0.7892
 1410   1.8036  3.4513   -0.3836  2.7344       NaN     NaN    2.1251  0.8496    1.4190  0.7940
 1420   1.7974  3.4583   -0.3731  2.7382       NaN     NaN    2.1248  0.8503    1.4291  0.7987
 1430   1.7900  3.4652   -0.3627  2.7418       NaN     NaN    2.1249  0.8502    1.4383  0.8028
 1440   1.7833  3.4726   -0.3520  2.7445       NaN     NaN    2.1246  0.8497    1.4476  0.8072
 1450   1.7766  3.4801   -0.3420  2.7482       NaN     NaN    2.1247  0.8500    1.4567  0.8117
 1460   1.7703  3.4868   -0.3313  2.7518       NaN     NaN    2.1253  0.8502    1.4654  0.8165
 1470   1.7631  3.4937   -0.3209  2.7551       NaN     NaN    2.1250  0.8503    1.4750  0.8214
 1480   1.7562  3.5005   -0.3096  2.7582       NaN     NaN    2.1255  0.8500    1.4849  0.8249
 1490   1.7497  3.5081   -0.2999  2.7621       NaN     NaN    2.1249  0.8498    1.4942  0.8296
 1500   1.7433  3.5146   -0.2895  2.7650       NaN     NaN    2.1246  0.8499    1.5039  0.8339
 1510   1.7361  3.5221   -0.2786  2.7689       NaN     NaN    2.1255  0.8495    1.5129  0.8380
 1520   1.7298  3.5288   -0.2676  2.7719       NaN     NaN    2.1251  0.8497    1.5221  0.8431
 1530   1.7231  3.5357   -0.2572  2.7752       NaN     NaN    2.1252  0.8498    1.5319  0.8472
 1540   1.7162  3.5424   -0.2465  2.7783       NaN     NaN    2.1252  0.8501    1.5418  0.8514
 1550   1.7093  3.5501   -0.2363  2.7818       NaN     NaN    2.1246  0.8496    1.5512  0.8554
 1560   1.7027  3.5572   -0.2261  2.7850       NaN     NaN    2.1248  0.8498    1.5608  0.8602
 1570   1.6962  3.5638   -0.2154  2.7881       NaN     NaN    2.1250  0.8505    1.5705  0.8645
 1580   1.6889  3.5705   -0.2050  2.7916       NaN     NaN    2.1249  0.8501    1.5799  0.8686
 1590   1.6828  3.5771   -0.1944  2.7949       NaN     NaN    2.1247  0.8500    1.5889  0.8725
 1600   1.6757  3.5838   -0.1838  2.7980       NaN     NaN    2.1247  0.8499    1.5984  0.8766
 1610   1.6695  3.5915   -0.1731  2.8003       NaN     NaN    2.1250  0.8503    1.6079  0.8809
 1620   1.6620  3.5981   -0.1630  2.8035       NaN     NaN    2.1249  0.8502    1.6178  0.8846
 1630   1.6561  3.6050   -0.1524  2.8071       NaN     NaN    2.1252  0.8495    1.6269  0.8889
 1640   1.6489  3.6116   -0.1415  2.8095       NaN     NaN    2.1254  0.8503    1.6372  0.8931
 1650   1.6425  3.6185   -0.1308  2.8131       NaN     NaN    2.1251  0.8497    1.6468  0.8965
 1660   1.6358  3.6253   -0.1206  2.8154       NaN     NaN    2.1252  0.8498    1.6562  0.9011
 1670   1.6285  3.6317   -0.1100  2.8184       NaN     NaN    2.1254  0.8501    1.6651  0.9046
 1680   1.6225  3.6383   -0.0990  2.8214       NaN     NaN    2.1253  0.8504    1.6749  0.9083
 1690   1.6158  3.6452   -0.0883  2.8244       NaN     NaN    2.1246  0.8503    1.6840  0.9124
 1700   1.6083  3.6519   -0.0786  2.8273       NaN     NaN    2.1252  0.8498    1.6936  0.9166
 1710   1.6021  3.6586   -0.0680  2.8302       NaN     NaN    2.1247  0.8503    1.7028  0.9208
 1720   1.5953  3.6660   -0.0570  2.8331       NaN     NaN    2.1254  0.8495    1.7124  0.9242
 1730   1.5888  3.6728   -0.0469  2.8357       NaN     NaN    2.1255  0.8498    1.7223  0.9284
 1740   1.5825  3.6791   -0.0359  2.8381       NaN     NaN    2.1249  0.8495    1.7311  0.9315
 1750   1.5750  3.6854   -0.0257  2.8407       NaN     NaN    2.1248  0.8503    1.7407  0.9358
 1760   1.5690  3.6926   -0.0152  2.8442       NaN     NaN    2.1255  0.8500    1.7501  0.9389
 1770   1.5621  3.6992   -0.0040  2.8460       NaN     NaN    2.1255  0.8502    1.7589  0.9432
 1780   1.5553  3.7058    0.0064  2.8491       NaN     NaN    2.1249  0.8504    1.7685  0.9468
 1790   1.5486  3.7133    0.0171  2.8518       NaN     NaN    2.1251  0.8497    1.7775  0.9502
 1800   1.5418  3.7191    0.0267  2.8548       NaN     NaN    2.1253  0.8501    1.7867  0.9536
 1810   1.5355  3.7261    0.0374  2.8571       NaN     NaN    2.1247  0.8499    1.7950  0.9577
 1820   1.5288  3.7331    0.0481  2.8598       NaN     NaN    2.1247  0.8501    1.8047  0.9614
 1830   1.5222  3.7397    0.0586  2.8630       NaN     NaN    2.1250  0.8504    1.8130  0.9644
 1840   1.5151  3.7467    0.0690  2.8657       NaN     NaN    2.1251  0.8495    1.8218  0.9680
 1850   1.5091  3.7527    0.0792  2.8676       NaN     NaN    2.1245  0.8498    1.8311  0.9720
 1860   1.5021  3.7599    0.0899  2.8713       NaN     NaN    2.1246  0.8503    1.8395  0.9752
 1870   1.4956  3.7664    0.1008  2.8735       NaN     NaN    2.1250  0.8496    1.8485  0.9788
 1880   1.4886  3.7731    0.1112  2.8761       NaN     NaN    2.1245  0.8496    1.8569  0.9819
 1890   1.4824  3.7801    0.1210  2.8792       NaN     NaN    2.1246  0.8501    1.8655  0.9848
 1900   1.4757  3.7867    0.1324  2.8824       NaN     NaN    2.1254  0.8503    1.8746  0.9887
 1910   1.4684  3.7935    0.1424  2.8847       NaN     NaN    2.1246  0.8496    1.8824  0.9915
 1920   1.4622  3.8000    0.1532  2.8875       NaN     NaN    2.1252  0.8499    1.8911  0.9951
 1930   1.4557  3.8069    0.1627  2.8901       NaN     NaN    2.1249  0.8500    1.8997  0.9987
 1940   1.4484  3.8142    0.1737  2.8935       NaN     NaN    2.1253  0.8504    1.9078  1.0015
 1950   1.4425  3.8208    0.1841  2.8964       NaN     NaN    2.1254  0.8499    1.9152  1.0047
 1960   1.4354  3.8281    0.1949  2.8986       NaN     NaN    2.1250  0.8503    1.9233  1.0079
 1970   1.4288  3.8345    0.2045  2.9020       NaN     NaN    2.1254  0.8499    1.9314  1.0108
 1980   1.4224  3.8413    0.2154  2.9041       NaN     NaN    2.1249  0.8502    1.9392  1.0136
 1990   1.4158  3.8482    0.2261  2.9074       NaN     NaN    2.1251  0.8504    1.9468  1.0172
 2000   1.4084  3.8553    0.2363  2.9098       NaN     NaN    2.1248  0.8502    1.9553  1.0196
 2010   1.4023  3.8620    0.2464  2.9128       NaN     NaN    2.1252  0.8500    1.9622  1.0230
 2020   1.3955  3.8687    0.2572  2.9146       NaN     NaN    2.1250  0.8495    1.9704  1.0254
 2030   1.3888  3.8766    0.2667  2.9177       NaN     NaN    2.1246  0.8497    1.9775  1.0288
 2040   1.3820  3.8833    0.2778  2.9207       NaN     NaN    2.1251  0.8503    1.9851  1.0308
 2050   1.3754  3.8902    0.2884  2.9231       NaN     NaN    2.1249  0.8495    1.9932  1.0335
 2060   1.3690  3.8970    0.2981  2.9258       NaN     NaN    2.1254  0.8504    2.0004  1.0366
 2070   1.3618  3.9040    0.3087  2.9278       NaN     NaN    2.1248  0.8504    2.0090  1.0392
 2080   1.3556  3.9112    0.3193  2.9303       NaN     NaN    2.1254  0.8504    2.0164  1.0412
 2090   1.3482  3.9180    0.3292  2.9332       NaN     NaN    2.1251  0.8499    2.0237  1.0432
 2100   1.3424  3.9252    0.3397  2.9356       NaN     NaN    2.1245  0.8502    2.0316  1.0459
 2110   1.3353  3.9319    0.3501  2.9376       NaN     NaN    2.1250  0.8497    2.0387  1.0476
 2120   1.3286  3.9398    0.3606  2.9403       NaN     NaN    2.1246  0.8503    2.0462  1.0499
 2130   1.3222  3.9471    0.3707  2.9430       NaN     NaN    2.1245  0.8499    2.0547  1.0518
 2140   1.3150  3.9544    0.3813  2.9447       NaN     NaN    2.1254  0.8498    2.0618  1.0541
 2150   1.3086  3.9615    0.3919  2.9473       NaN     NaN    2.1249  0.8503    2.0695  1.0557
 2160   1.3019  3.9685    0.4025  2.9491       NaN     NaN    2.1251  0.8500    2.0766  1.0579
 2170   1.2952  3.9756    0.4130  2.9517       NaN     NaN    2.1246  0.8503    2.0845  1.0596
 2180   1.2883  3.9825    0.4237  2.9537       NaN     NaN    2.1248  0.8501    2.0919  1.0615
 2190   1.2817  3.9901    0.4339  2.9555       NaN     NaN    2.1250  0.8499    2.1000  1.0630
 2200   1.2751  3.9973    0.4437  2.9582       NaN     NaN    2.1252  0.8502    2.1074  1.0651
 2210   1.2684  4.0049    0.4549  2.9602       NaN     NaN    2.1254  0.8503    2.1147  1.0666
 2220   1.2617  4.0120    0.4646  2.9613       NaN     NaN    2.1246  0.8498    2.1220  1.0681
 2230   1.2554  4.0201    0.4756  2.9635       NaN     NaN    2.1254  0.8502    2.1298  1.0699
 2240   1.2486  4.0273    0.4859  2.9653       NaN     NaN    2.1247  0.8499    2.1376  1.0708
 2250   1.2418  4.0352    0.4961  2.9667       NaN     NaN    2.1246  0.8502    2.1454  1.0728
 2260   1.2355  4.0429    0.5065  2.9684       NaN     NaN    2.1249  0.8504    2.1521  1.0741
 2270   1.2282  4.0497    0.5174  2.9703       NaN     NaN    2.1251  0.8499    2.1598  1.0755
 2280   1.2214  4.0576    0.5281  2.9718       NaN     NaN    2.1246  0.8502    2.1671  1.0764
 2290   1.2153  4.0654    0.5384  2.9730       NaN     NaN    2.1246  0.8500    2.1751  1.0779
 2300   1.2082  4.0732    0.5492  2.9742       NaN     NaN    2.1247  0.8504    2.1822  1.0790
 2310   1.2017  4.0805    0.5599  2.9757       NaN     NaN    2.1253  0.8495    2.1895  1.0807
 2320   1.1949  4.0881    0.5703  2.9768       NaN     NaN    2.1249  0.8499    2.1972  1.0812
 2330   1.1881  4.0968    0.5808  2.9779       NaN     NaN    2.1247  0.8503    2.2045  1.0829
 2340   1.1817  4.1040    0.5910  2.9796       NaN     NaN    2.1250  0.8497    2.2120  1.0839
 2350   1.1751  4.1124    0.6014  2.9803       NaN     NaN    2.1254  0.8495    2.2189  1.0846
 2360   1.1679  4.1197    0.6128  2.9814       NaN     NaN    2.1251  0.8505    2.2269  1.0857
 2370   1.1614  4.1278    0.6227  2.9820       NaN     NaN    2.1254  0.8505    2.2340  1.0875
 2380   1.1542  4.1356    0.6331  2.9825       NaN     NaN    2.1246  0.8504    2.2410  1.0877
 2390   1.1480  4.1446    0.6442  2.9828       NaN     NaN    2.1248  0.8500    2.2486  1.0889
 2400   1.1413  4.1525    0.6551  2.9838       NaN     NaN    2.1247  0.8501    2.2559  1.0897
 2410   1.1345  4.1606    0.6650  2.9839       NaN     NaN    2.1246  0.8496    2.2626  1.0914
 2420   1.1271  4.1682    0.6761  2.9843       NaN     NaN    2.1247  0.8498    2.2698  1.0917
 2430   1.1210  4.1770    0.6873  2.9848       NaN     NaN    2.1251  0.8500    2.2775  1.0935
 2440   1.1142  4.1852    0.6975  2.9847       NaN     NaN    2.1249  0.8498    2.2848  1.0937
 2450   1.1072  4.1939    0.7081  2.9846       NaN     NaN    2.1252  0.8503    2.2918  1.0947
 2460   1.1002  4.2021    0.7193  2.9845       NaN     NaN    2.1252  0.8500    2.2987  1.0959
 2470   1.0937  4.2106    0.7298  2.9849       NaN     NaN    2.1249  0.8502    2.3057  1.0965
 2480   1.0866  4.2192    0.7401  2.9842       NaN     NaN    2.1255  0.8502    2.3126  1.0976
 2490   1.0798  4.2276    0.7512  2.9842       NaN     NaN    2.1253  0.8497    2.3194  1.0989
 2500   1.0739  4.2359    0.7624  2.9836       NaN     NaN    2.1247  0.8496    2.3274  1.0995
 2510   1.0666  4.2447    0.7733  2.9830       NaN     NaN    2.1253  0.8496    2.3340  1.1002
 2520   1.0603  4.2532    0.7837  2.9825       NaN     NaN    2.1247  0.8496    2.3411  1.1019
 2530   1.0527  4.2626    0.7947  2.9809       NaN     NaN    2.1247  0.8497    2.3483  1.1023
 2540   1.0468  4.2714    0.8052  2.9806       NaN     NaN    2.1250  0.8496    2.3546  1.1037
 2550   1.0398  4.2809    0.8164  2.9796       NaN     NaN    2.1246  0.8496    2.3617  1.1042
 2560   1.0333  4.2905    0.8277  2.9777       NaN     NaN    2.1245  0.8499    2.3682  1.1052
 2570   1.0265  4.3012    0.8378  2.9769       NaN     NaN    2.1252  0.8504    2.3755  1.1066
 2580   1.0196  4.3112    0.8493  2.9753       NaN     NaN    2.1252  0.8501    2.3824  1.1081
 2590   1.0124  4.3216    0.8607  2.9739    5.0922  3.1817    2.1252  0.8505    2.3890  1.1087
 2600   1.0064  4.3330    0.8715  2.9722    5.0836  3.1755    2.1254  0.8504    2.3957  1.1093
 2610   0.9989  4.3436    0.8822  2.9702    5.0758  3.1689    2.1246  0.8502    2.4027  1.1110
 2620   0.9931  4.3552    0.8927  2.9686    5.0673  3.1636    2.1250  0.8496    2.4093  1.1119
 2630   0.9858  4.3671    0.9039  2.9665    5.0586  3.1572    2.1252  0.8503    2.4157  1.1127
 2640   0.9797  4.3797    0.9142  2.9640    5.0504  3.1508    2.1250  0.8498    2.4224  1.1142
 2650   0.9726  4.3918    0.9257  2.9628    5.0418  3.1454    2.1250  0.8502    2.4286  1.1160
 2660   0.9661  4.4041    0.9358  2.9606    5.0331  3.1397    2.1247  0.8501    2.4350  1.1166
 2670   0.9597  4.4171    0.9470  2.9584    5.0255  3.1342    2.1250  0.8503    2.4415  1.1176
 2680   0.9528  4.4303    0.9573  2.9562    5.0163  3.1287    2.1251  0.8504    2.4484  1.1198
 2690   0.9465  4.4435    0.9679  2.9538    5.0085  3.1227    2.1252  0.8504    2.4545  1.1203
 2700   0.9399  4.4570    0.9787  2.9511    4.9999  3.1173    2.1246  0.8504    2.4611  1.1223
 2710   0.9334  4.4712    0.9888  2.9488    4.9914  3.1124    2.1251  0.8497    2.4675  1.1234
 2720   0.9265  4.4850    1.0001  2.9456    4.9833  3.1067    2.1247  0.8505    2.4742  1.1249
 2730   0.9203  4.4999    1.0105  2.9435    4.9747  3.1023    2.1252  0.8504    2.4802  1.1259
 2740   0.9133  4.5146    1.0209  2.9404    4.9664  3.0969    2.1250  0.8495    2.4865  1.1278
 2750   0.9071  4.5297    1.0319  2.9377    4.9573  3.0918    2.1251  0.8504    2.4927  1.1292
 2760   0.9009  4.5452    1.0420  2.9347    4.9484  3.0870    2.1254  0.8503    2.4989  1.1307
 2770   0.8946  4.5601    1.0524  2.9325    4.9404  3.0825    2.1253  0.8495    2.5052  1.1333
 2780   0.8882  4.5764    1.0628  2.9297    4.9316  3.0781    2.1247  0.8499    2.5116  1.1344
 2790   0.8809  4.5927    1.0729  2.9259    4.9236  3.0726    2.1246  0.8504    2.5177  1.1365
 2800   0.8744  4.6093    1.0838  2.9232    4.9150  3.0687    2.1252  0.8504    2.5239  1.1385
 2810   0.8686  4.6255    1.0946  2.9204    4.9066  3.0641    2.1249  0.8500    2.5297  1.1399
 2820   0.8621  4.6427    1.1045  2.9167    4.8978  3.0595    2.1252  0.8501    2.5349  1.1425
 2830   0.8553  4.6600    1.1148  2.9137    4.8889  3.0551    2.1249  0.8505    2.5411  1.1442
 2840   0.8494  4.6770    1.1249  2.9109    4.8806  3.0514    2.1250  0.8499    2.5469  1.1460
 2850   0.8429  4.6952    1.1359  2.9071    4.8718  3.0472    2.1248  0.8499    2.5532  1.1488
 2860   0.8362  4.7134    1.1463  2.9038    4.8635  3.0434    2.1255  0.8502    2.5590  1.1505
 2870   0.8301  4.7310    1.1560  2.9003    4.8544  3.0396    2.1249  0.8496    2.5646  1.1530
 2880      NaN     NaN    1.1671  2.8970    4.8461  3.0358    2.1249  0.8503    2.5701  1.1557
 2890      NaN     NaN    1.1769  2.8929    4.8379  3.0313    2.1247  0.8497    2.5764  1.1576
 2900      NaN     NaN    1.1880  2.8895    4.8294  3.0281    2.1251  0.8502    2.5815  1.1600
 2910      NaN     NaN    1.1980  2.8865    4.8200  3.0240    2.1250  0.8496    2.5868  1.1625
 2920      NaN     NaN    1.2083  2.8822    4.8115  3.0215    2.1248  0.8497    2.5924  1.1652
 2930      NaN     NaN    1.2186  2.8791    4.8026  3.0173    2.1253  0.8498    2.5985  1.1688
 2940      NaN     NaN    1.2290  2.8752    4.7938  3.0146    2.1254  0.8496    2.6030  1.1712
 2950      NaN     NaN    1.2397  2.8715    4.7852  3.0110    2.1251  0.8502    2.6087  1.1736
 2960      NaN     NaN    1.2500  2.8676    4.7771  3.0079    2.1251  0.8502    2.6138  1.1767
 2970      NaN     NaN    1.2597  2.8630    4.7681  3.0048    2.1249  0.8501    2.6190  1.1804
 2980      NaN     NaN    1.2708  2.8598    4.7591  3.0017    2.1254  0.8496    2.6250  1.1837
 2990      NaN     NaN    1.2807  2.8551    4.7506  2.9991    2.1253  0.8502    2.6303  1.1867
 3000      NaN     NaN    1.2916  2.8513    4.7426  2.9967    2.1251  0.8500    2.6350  1.1896
 3010      NaN     NaN    1.3020  2.8472    4.7335  2.9940    2.1248  0.8496    2.6404  1.1932
 3020      NaN     NaN    1.3122  2.8435    4.7246  2.9910    2.1245  0.8498    2.6451  1.1970
 3030      NaN     NaN    1.3225  2.8396    4.7158  2.9881    2.1252  0.8498    2.6497  1.2007
 3040      NaN     NaN    1.3329  2.8357    4.7069  2.9860    2.1246  0.8495    2.6554  1.2043
 3050      NaN     NaN    1.3433  2.8315    4.6988  2.9841    2.1251  0.8497    2.6595  1.2072
 3060      NaN     NaN    1.3545  2.8265    4.6896  2.9809    2.1247  0.8500    2.6645  1.2114
 3070      NaN     NaN    1.3646  2.8228    4.6811  2.9792    2.1254  0.8496    2.6696  1.2153
 3080      NaN     NaN    1.3755  2.8189    4.6724  2.9768    2.1254  0.8501    2.6744  1.2186
 3090      NaN     NaN    1.3859  2.8146    4.6628  2.9750    2.1248  0.8496    2.6783  1.2221
 3100      NaN     NaN    1.3956  2.8100    4.6539  2.9734    2.1248  0.8500    2.6828  1.2256
 3110      NaN     NaN    1.4070  2.8054    4.6455  2.9709    2.1247  0.8498    2.6881  1.2297
 3120      NaN     NaN    1.4174  2.8010    4.6368  2.9697    2.1247  0.8499    2.6924  1.2338
 3130      NaN     NaN    1.4284  2.7973    4.6275  2.9683    2.1250  0.8503    2.6963  1.2382
 3140      NaN     NaN    1.4390  2.7924    4.6195  2.9662    2.1246  0.8496    2.7014  1.2420
 3150      NaN     NaN    1.4490  2.7883    4.6105  2.9643    2.1246  0.8499    2.7054  1.2459
 3160      NaN     NaN    1.4603  2.7839    4.6011  2.9635    2.1252  0.8500    2.7092  1.2501
 3170      NaN     NaN    1.4706  2.7797    4.5924  2.9620    2.1250  0.8505    2.7138  1.2542
 3180      NaN     NaN    1.4816  2.7746    4.5831  2.9607    2.1254  0.8496    2.7181  1.2577
 3190      NaN     NaN    1.4922  2.7705    4.5746  2.9597    2.1255  0.8504    2.7219  1.2622
 3200      NaN     NaN    1.5033  2.7661    4.5660  2.9587    2.1248  0.8498    2.7258  1.2658
 3210      NaN     NaN    1.5144  2.7619    4.5568  2.9571    2.1245  0.8498    2.7302  1.2702
 3220      NaN     NaN    1.5252  2.7574    4.5476  2.9562    2.1252  0.8504    2.7346  1.2746
 3230      NaN     NaN    1.5363  2.7532    4.5390  2.9554    2.1253  0.8503    2.7383  1.2791
 3240      NaN     NaN    1.5469  2.7480    4.5297  2.9546    2.1246  0.8496    2.7419  1.2832
 3250      NaN     NaN    1.5574  2.7433    4.5212  2.9546    2.1250  0.8499    2.7458  1.2875
 3260      NaN     NaN    1.5692  2.7396    4.5122  2.9543    2.1254  0.8503    2.7498  1.2924
 3270      NaN     NaN    1.5797  2.7352    4.5032  2.9530    2.1251  0.8501    2.7536  1.2967
 3280      NaN     NaN    1.5916  2.7306    4.4942  2.9528    2.1245  0.8505    2.7577  1.3009
 3290      NaN     NaN    1.6025  2.7260    4.4857  2.9525    2.1247  0.8497    2.7611  1.3057
 3300      NaN     NaN    1.6135  2.7212    4.4761  2.9521    2.1254  0.8501    2.7647  1.3100
 3310      NaN     NaN    1.6251  2.7164    4.4674  2.9523    2.1255  0.8499    2.7682  1.3143
 3320      NaN     NaN    1.6365  2.7120    4.4579  2.9522    2.1250  0.8502    2.7714  1.3189
 3330      NaN     NaN    1.6472  2.7080    4.4494  2.9523    2.1254  0.8496    2.7754  1.3243
 3340      NaN     NaN    1.6584  2.7028    4.4402  2.9522    2.1253  0.8505    2.7787  1.3281
 3350      NaN     NaN    1.6704  2.6990    4.4307  2.9528    2.1248  0.8496    2.7825  1.3329
 3360      NaN     NaN    1.6822  2.6940    4.4217  2.9533    2.1249  0.8498    2.7861  1.3384
 3370      NaN     NaN    1.6930  2.6893    4.4128  2.9536    2.1247  0.8505    2.7899  1.3429
 3380      NaN     NaN    1.7054  2.6853    4.4036  2.9540    2.1252  0.8504    2.7933  1.3478
 3390      NaN     NaN    1.7168  2.6802    4.3948  2.9548    2.1252  0.8503    2.7963  1.3520
 3400      NaN     NaN    1.7286  2.6761    4.3854  2.9556    2.1246  0.8497    2.7992  1.3577
 3410      NaN     NaN    1.7403  2.6717    4.3766  2.9563    2.1254  0.8502    2.8029  1.3618
 3420      NaN     NaN    1.7520  2.6672    4.3675  2.9569    2.1245  0.8498    2.8059  1.3673
 3430      NaN     NaN    1.7635  2.6626    4.3583  2.9580    2.1250  0.8503    2.8095  1.3720
 3440      NaN     NaN    1.7754  2.6585    4.3489  2.9586    2.1250  0.8501    2.8126  1.3776
 3450      NaN     NaN    1.7883  2.6544    4.3403  2.9597    2.1249  0.8502    2.8157  1.3821
 3460      NaN     NaN    1.8001  2.6496    4.3308  2.9604    2.1246  0.8501    2.8188  1.3871
 3470      NaN     NaN    1.8121  2.6455    4.3218  2.9618    2.1252  0.8502    2.8226  1.3927
 3480      NaN     NaN    1.8239  2.6408    4.3132  2.9631    2.1252  0.8501    2.8253  1.3975
 3490      NaN     NaN    1.8362  2.6369    4.3042  2.9651    2.1253  0.8502    2.8286  1.4029
 3500      NaN     NaN    1.8489  2.6323    4.2946  2.9668    2.1253  0.8505    2.8313  1.4080
 3510      NaN     NaN    1.8611  2.6278    4.2848  2.9678    2.1250  0.8502    2.8342  1.4129
 3520      NaN     NaN    1.8739  2.6241    4.2765  2.9698    2.1245  0.8495    2.8373  1.4186
 3530      NaN     NaN    1.8867  2.6195    4.2668  2.9711    2.1245  0.8500    2.8408  1.4233
 3540      NaN     NaN    1.8989  2.6156    4.2582  2.9739    2.1251  0.8501    2.8442  1.4293
 3550      NaN     NaN    1.9121  2.6114    4.2485  2.9750    2.1254  0.8502    2.8465  1.4346
 3560      NaN     NaN    1.9244  2.6070    4.2395  2.9770    2.1252  0.8500    2.8494  1.4397
 3570      NaN     NaN    1.9373  2.6034    4.2297  2.9798    2.1247  0.8501    2.8525  1.4450
 3580      NaN     NaN    1.9501  2.5996    4.2209  2.9818    2.1253  0.8503    2.8558  1.4506
 3590      NaN     NaN    1.9630  2.5949    4.2120  2.9832    2.1250  0.8497    2.8584  1.4563
 3600      NaN     NaN    1.9759  2.5908    4.2027  2.9856    2.1248  0.8495    2.8618  1.4610
 3610      NaN     NaN    1.9891  2.5872    4.1938  2.9876    2.1246  0.8505    2.8641  1.4664
 3620      NaN     NaN    2.0025  2.5833    4.1838  2.9902    2.1248  0.8504    2.8671  1.4721
 3630      NaN     NaN    2.0155  2.5797    4.1747  2.9922    2.1246  0.8501    2.8702  1.4775
 3640      NaN     NaN    2.0297  2.5751    4.1654  2.9949    2.1248  0.8500    2.8730  1.4840
 3650      NaN     NaN    2.0423  2.5716    4.1561  2.9974    2.1250  0.8496    2.8754  1.4890
 3660      NaN     NaN    2.0567  2.5677    4.1472  2.9991    2.1254  0.8503    2.8783  1.4943
 3670      NaN     NaN    2.0695  2.5644    4.1384  3.0021    2.1252  0.8499    2.8812  1.5007
 3680      NaN     NaN    2.0832  2.5604    4.1288  3.0045    2.1250  0.8500    2.8848  1.5064
 3690      NaN     NaN    2.0972  2.5572    4.1197  3.0067    2.1253  0.8497    2.8868  1.5120
 3700      NaN     NaN    2.1119  2.5535    4.1104  3.0092    2.1251  0.8500    2.8897  1.5177
 3710      NaN     NaN    2.1259  2.5497    4.1010  3.0119    2.1254  0.8501    2.8924  1.5238
 3720      NaN     NaN    2.1392  2.5468    4.0918  3.0150    2.1247  0.8502    2.8960  1.5288
 3730      NaN     NaN    2.1536  2.5429    4.0835  3.0171    2.1246  0.8505    2.8986  1.5346
 3740      NaN     NaN    2.1685  2.5389    4.0736  3.0198    2.1249  0.8500    2.9015  1.5408
 3750      NaN     NaN    2.1825  2.5354    4.0644  3.0230    2.1247  0.8499    2.9039  1.5464
 3760      NaN     NaN    2.1966  2.5324    4.0558  3.0259    2.1254  0.8500    2.9072  1.5525
 3770      NaN     NaN    2.2111  2.5291    4.0466  3.0281    2.1251  0.8498    2.9099  1.5585
 3780      NaN     NaN    2.2260  2.5251    4.0378  3.0312    2.1251  0.8505    2.9118  1.5648
 3790      NaN     NaN    2.2408  2.5211    4.0284  3.0340    2.1249  0.8500    2.9155  1.5708
 3800      NaN     NaN    2.2551  2.5184    4.0193  3.0373    2.1249  0.8502    2.9183  1.5760
 3810      NaN     NaN    2.2703  2.5143    4.0098  3.0405    2.1252  0.8504    2.9211  1.5825
 3820      NaN     NaN    2.2853  2.5111    4.0012  3.0427    2.1245  0.8497    2.9238  1.5885
 3830      NaN     NaN    2.3007  2.5066    3.9917  3.0460    2.1248  0.8497    2.9267  1.5944
 3840      NaN     NaN    2.3159  2.5033    3.9828  3.0492    2.1247  0.8503    2.9289  1.6001
 3850      NaN     NaN    2.3310  2.4995    3.9731  3.0520    2.1248  0.8501    2.9321  1.6061
 3860      NaN     NaN    2.3463  2.4967    3.9642  3.0550    2.1254  0.8505    2.9351  1.6125
 3870      NaN     NaN    2.3612  2.4921    3.9551  3.0587    2.1248  0.8504    2.9370  1.6185
 3880      NaN     NaN    2.3766  2.4890    3.9460  3.0618    2.1254  0.8501    2.9401  1.6253
 3890      NaN     NaN    2.3925  2.4858    3.9371  3.0653    2.1249  0.8497    2.9435  1.6309
 3900      NaN     NaN    2.4074  2.4816    3.9283  3.0684    2.1252  0.8497    2.9464  1.6368
 3910      NaN     NaN    2.4234  2.4776    3.9185  3.0715    2.1246  0.8496    2.9491  1.6437
 3920      NaN     NaN    2.4385  2.4747    3.9101  3.0749    2.1249  0.8498    2.9516  1.6500
 3930      NaN     NaN    2.4551  2.4711    3.9010  3.0780    2.1249  0.8497    2.9545  1.6560
 3940      NaN     NaN    2.4704  2.4674    3.8912  3.0817    2.1249  0.8504    2.9570  1.6623
 3950      NaN     NaN    2.4865  2.4632    3.8821  3.0847    2.1252  0.8503    2.9600  1.6683
 3960      NaN     NaN    2.5019  2.4598    3.8729  3.0885    2.1246  0.8499    2.9630  1.6746
 3970      NaN     NaN    2.5182  2.4562    3.8637  3.0914    2.1248  0.8500    2.9665  1.6811
 3980      NaN     NaN    2.5340  2.4525    3.8549  3.0954    2.1254  0.8505    2.9693  1.6871
 3990      NaN     NaN    2.5503  2.4490    3.8461  3.0983    2.1247  0.8503    2.9725  1.6934
 4000      NaN     NaN    2.5664  2.4447    3.8371  3.1024    2.1248  0.8502    2.9751  1.6995
 4010      NaN     NaN    2.5830  2.4412    3.8275  3.1055    2.1246  0.8500    2.9783  1.7062
 4020      NaN     NaN    2.5987  2.4380    3.8190  3.1093    2.1254  0.8505    2.9810  1.7126
 4030      NaN     NaN    2.6157  2.4339    3.8093  3.1126    2.1252  0.8496    2.9839  1.7188
 4040      NaN     NaN    2.6313  2.4303    3.8000  3.1162    2.1252  0.8499    2.9869  1.7263
 4050      NaN     NaN    2.6484  2.4265    3.7912  3.1195    2.1247  0.8496    2.9893  1.7327
 4060      NaN     NaN    2.6651  2.4229    3.7821  3.1236    2.1248  0.8497    2.9928  1.7394
 4070      NaN     NaN    2.6813  2.4195    3.7728  3.1270    2.1252  0.8500    2.9948  1.7458
 4080      NaN     NaN    2.6979  2.4160    3.7639  3.1311    2.1252  0.8499    2.9975  1.7528
 4090      NaN     NaN    2.7146  2.4114    3.7553  3.1344    2.1252  0.8499    3.0007  1.7586
 4100      NaN     NaN    2.7314  2.4084    3.7463  3.1387    2.1245  0.8502    3.0037  1.7663
 4110      NaN     NaN    2.7481  2.4047    3.7369  3.1419    2.1249  0.8502    3.0055  1.7723
 4120      NaN     NaN    2.7644  2.4010    3.7279  3.1460    2.1249  0.8496    3.0088  1.7797
 4130      NaN     NaN    2.7812  2.3976    3.7188  3.1500    2.1254  0.8502    3.0115  1.7860
 4140      NaN     NaN    2.7980  2.3937    3.7096  3.1533    2.1253  0.8497    3.0139  1.7928
 4150      NaN     NaN    2.8146  2.3902    3.7008  3.1576    2.1248  0.8498    3.0158  1.8005
 4160      NaN     NaN    2.8317  2.3865    3.6911  3.1615    2.1254  0.8497    3.0192  1.8074
 4170      NaN     NaN    2.8489  2.3830    3.6823  3.1650    2.1249  0.8505    3.0211  1.8145
 4180      NaN     NaN    2.8656  2.3792    3.6733  3.1695    2.1254  0.8502    3.0237  1.8209
 4190      NaN     NaN    2.8822  2.3754    3.6635  3.1737    2.1250  0.8496    3.0261  1.8280
 4200      NaN     NaN    2.8996  2.3720    3.6549  3.1770    2.1252  0.8500    3.0283  1.8356
 4210      NaN     NaN    2.9163  2.3683    3.6458  3.1817    2.1254  0.8496    3.0315  1.8426
 4220      NaN     NaN    2.9334  2.3641    3.6366  3.1850    2.1247  0.8497    3.0340  1.8501
 4230      NaN     NaN    2.9512  2.3608    3.6279  3.1888    2.1253  0.8498    3.0359  1.8565
 4240      NaN     NaN    2.9679  2.3573    3.6180  3.1931    2.1249  0.8500    3.0389  1.8637
 4250      NaN     NaN    2.9848  2.3532    3.6088  3.1969    2.1254  0.8502    3.0407  1.8709
 4260      NaN     NaN    3.0026  2.3496    3.6000  3.2012    2.1253  0.8496    3.0430  1.8787
 4270      NaN     NaN    3.0195  2.3464    3.5914  3.2053    2.1251  0.8498    3.0459  1.8859
 4280      NaN     NaN    3.0364  2.3427    3.5814  3.2102    2.1254  0.8497    3.0482  1.8936
 4290      NaN     NaN    3.0540  2.3390    3.5723  3.2134    2.1254  0.8501    3.0500  1.9011
 4300      NaN     NaN    3.0716  2.3357    3.5641  3.2181    2.1251  0.8497    3.0519  1.9083
 4310      NaN     NaN    3.0883  2.3324    3.5550  3.2220    2.1252  0.8496    3.0549  1.9156
 4320      NaN     NaN    3.1061  2.3287    3.5455  3.2260    2.1254  0.8501    3.0566  1.9232
 4330      NaN     NaN    3.1229  2.3253    3.5362  3.2310    2.1250  0.8505    3.0591  1.9306
 4340      NaN     NaN    3.1408  2.3218    3.5276  3.2350    2.1247  0.8498    3.0616  1.9379
 4350      NaN     NaN    3.1582  2.3180    3.5178  3.2390    2.1252  0.8499    3.0633  1.9460
 4360      NaN     NaN    3.1750  2.3141    3.5091  3.2430    2.1250  0.8500    3.0656  1.9528
 4370      NaN     NaN    3.1923  2.3113    3.4996  3.2477    2.1252  0.8500    3.0687  1.9608
 4380      NaN     NaN    3.2101  2.3073    3.4904  3.2518    2.1254  0.8501    3.0707  1.9680
 4390      NaN     NaN    3.2276  2.3043    3.4818  3.2563    2.1254  0.8500    3.0725  1.9757
 4400      NaN     NaN    3.2450  2.3008    3.4724  3.2604    2.1252  0.8501    3.0745  1.9831
 4410      NaN     NaN    3.2620  2.2970    3.4633  3.2643    2.1246  0.8500    3.0775  1.9912
 4420      NaN     NaN    3.2796  2.2940    3.4539  3.2688    2.1249  0.8499    3.0794  1.9989
 4430      NaN     NaN    3.2964  2.2901    3.4450  3.2736    2.1246  0.8503    3.0820  2.0070
 4440      NaN     NaN    3.3142  2.2863    3.4354  3.2772    2.1252  0.8496    3.0835  2.0143
 4450      NaN     NaN    3.3315  2.2830    3.4264  3.2822    2.1250  0.8503    3.0864  2.0224
 4460      NaN     NaN    3.3490  2.2802    3.4177  3.2868    2.1253  0.8502    3.0881  2.0295
 4470      NaN     NaN    3.3663  2.2769    3.4083  3.2904    2.1253  0.8496    3.0909  2.0380
 4480      NaN     NaN    3.3833  2.2731    3.3988  3.2953    2.1249  0.8497    3.0931  2.0460
 4490      NaN     NaN    3.4015  2.2700    3.3901  3.2996    2.1250  0.8501    3.0945  2.0533
 4500      NaN     NaN    3.4184  2.2667    3.3808  3.3040    2.1247  0.8500    3.0973  2.0614
 4510      NaN     NaN    3.4359  2.2635    3.3720  3.3088    2.1251  0.8498    3.0999  2.0688
 4520      NaN     NaN    3.4530  2.2595    3.3623  3.3127    2.1246  0.8495    3.1013  2.0766
 4530      NaN     NaN    3.4710  2.2565    3.3535  3.3170    2.1250  0.8498    3.1036  2.0851
 4540      NaN     NaN    3.4874  2.2536    3.3438  3.3214    2.1247  0.8501    3.1064  2.0926
 4550      NaN     NaN    3.5050  2.2500    3.3354  3.3263    2.1249  0.8505    3.1083  2.1003
 4560      NaN     NaN    3.5228  2.2464    3.3257  3.3305    2.1246  0.8502    3.1105  2.1091
 4570      NaN     NaN    3.5395  2.2433    3.3169  3.3351    2.1255  0.8502    3.1133  2.1162
 4580      NaN     NaN    3.5575  2.2403    3.3075  3.3390    2.1246  0.8504    3.1151  2.1243
 4590      NaN     NaN    3.5746  2.2376    3.2985  3.3435    2.1253  0.8500    3.1173  2.1327
 4600      NaN     NaN    3.5917  2.2336    3.2892  3.3481    2.1248  0.8499    3.1197  2.1411
 4610      NaN     NaN    3.6084  2.2309    3.2796  3.3529    2.1250  0.8504    3.1219  2.1483
 4620      NaN     NaN    3.6261  2.2273    3.2710  3.3573    2.1250  0.8497    3.1245  2.1568
 4630      NaN     NaN    3.6430  2.2241    3.2617  3.3615    2.1254  0.8496    3.1272  2.1651
 4640      NaN     NaN    3.6600  2.2216    3.2519  3.3666    2.1247  0.8499    3.1295  2.1732
 4650      NaN     NaN    3.6770  2.2183    3.2434  3.3704    2.1245  0.8496    3.1313  2.1805
 4660      NaN     NaN    3.6948  2.2150    3.2340  3.3757    2.1251  0.8499    3.1344  2.1885
 4670      NaN     NaN    3.7113  2.2118    3.2247  3.3798    2.1245  0.8498    3.1364  2.1968
 4680      NaN     NaN    3.7289  2.2096    3.2153  3.3847    2.1249  0.8497    3.1387  2.2051
 4690      NaN     NaN    3.7452  2.2059    3.2061  3.3892    2.1251  0.8504    3.1407  2.2133
 4700      NaN     NaN    3.7626  2.2030    3.1969  3.3938    2.1247  0.8502    3.1439  2.2216
 4710      NaN     NaN    3.7789  2.2003    3.1874  3.3975    2.1251  0.8499    3.1460  2.2298
 4720      NaN     NaN    3.7958  2.1968    3.1779  3.4021    2.1247  0.8503    3.1482  2.2375
 4730      NaN     NaN    3.8134  2.1943    3.1694  3.4064    2.1255  0.8502    3.1511  2.2460
 4740      NaN     NaN    3.8299  2.1912    3.1602  3.4116    2.1245  0.8498    3.1536  2.2539
 4750      NaN     NaN    3.8472  2.1884    3.1501  3.4160    2.1251  0.8496    3.1563  2.2615
 4760      NaN     NaN    3.8638  2.1859    3.1410  3.4209    2.1250  0.8499    3.1590  2.2703
 4770      NaN     NaN    3.8804  2.1830    3.1324  3.4248    2.1249  0.8502    3.1611  2.2782
 4780      NaN     NaN    3.8967  2.1804    3.1230  3.4290    2.1251  0.8499    3.1644  2.2867
 4790      NaN     NaN    3.9135  2.1774    3.1129  3.4336    2.1251  0.8497    3.1672  2.2946
 4800      NaN     NaN    3.9302  2.1744    3.1037  3.4380    2.1250  0.8496    3.1699  2.3026
 4810      NaN     NaN    3.9465  2.1722    3.0945  3.4429    2.1250  0.8501    3.1720  2.3110
 4820      NaN     NaN    3.9633  2.1693    3.0852  3.4475    2.1246  0.8497    3.1746  2.3190
 4830      NaN     NaN    3.9799  2.1664    3.0764  3.4517    2.1253  0.8504    3.1778  2.3272
 4840      NaN     NaN    3.9958  2.1643    3.0669  3.4568    2.1245  0.8503    3.1801  2.3355
 4850      NaN     NaN    4.0118  2.1614    3.0580  3.4610    2.1252  0.8500    3.1829  2.3430
 4860      NaN     NaN    4.0284  2.1590    3.0482  3.4658    2.1249  0.8499    3.1861  2.3514
 4870      NaN     NaN    4.0447  2.1563    3.0393  3.4702    2.1249  0.8497    3.1891  2.3590
 4880      NaN     NaN    4.0603  2.1534    3.0298  3.4749    2.1247  0.8503    3.1917  2.3676
 4890      NaN     NaN    4.0770  2.1507    3.0200  3.4792    2.1253  0.8496    3.1948  2.3759
 4900      NaN     NaN    4.0927  2.1487    3.0104  3.4838    2.1250  0.8500    3.1978  2.3836
 4910      NaN     NaN    4.1090  2.1465    3.0012  3.4876    2.1255  0.8504    3.2008  2.3918
 4920      NaN     NaN    4.1245  2.1430    2.9923  3.4926    2.1252  0.8498    3.2040  2.4006
 4930      NaN     NaN    4.1405  2.1409    2.9824  3.4970    2.1245  0.8498    3.2069  2.4081
 4940      NaN     NaN    4.1567  2.1383    2.9736  3.5018    2.1246  0.8503    3.2099  2.4167
 4950      NaN     NaN    4.1725  2.1366    2.9638  3.5054    2.1247  0.8497    3.2135  2.4249
 4960      NaN     NaN    4.1878  2.1341    2.9547  3.5103    2.1249  0.8495    3.2170  2.4327
 4970      NaN     NaN    4.2040  2.1318    2.9448  3.5144    2.1253  0.8501    3.2203  2.4408
 4980      NaN     NaN    4.2195  2.1296    2.9356  3.5195    2.1249  0.8503    3.2230  2.4493
 4990      NaN     NaN    4.2346  2.1271    2.9263  3.5240    2.1253  0.8502    3.2267  2.4569
 5000      NaN     NaN    4.2496  2.1246    2.9169  3.5283    2.1247  0.8499    3.2301  2.4652
 5010      NaN     NaN    4.2652  2.1224    2.9071  3.5321    2.1245  0.8496    3.2331  2.4728
 5020      NaN     NaN    4.2805  2.1206    2.8975  3.5365    2.1246  0.8504    3.2367  2.4816
 5030      NaN     NaN    4.2962  2.1192    2.8884  3.5409    2.1248  0.8498    3.2408  2.4896
 5040      NaN     NaN    4.3111  2.1172    2.8791  3.5454    2.1246  0.8504    3.2442  2.4983
 5050      NaN     NaN    4.3259  2.1149    2.8695  3.5498    2.1248  0.8498    3.2483  2.5065
 5060      NaN     NaN    4.3410  2.1129    2.8603  3.5546    2.1245  0.8502    3.2516  2.5157
 5070      NaN     NaN    4.3557  2.1114    2.8502  3.5588    2.1249  0.8501    3.2555  2.5247
 5080      NaN     NaN    4.3704  2.1097    2.8408  3.5630    2.1247  0.8502    3.2595  2.5340
 5090      NaN     NaN    4.3860  2.1082    2.8313  3.5673    2.1255  0.8504    3.2639  2.5424
 5100      NaN     NaN    4.4000  2.1064    2.8219  3.5720    2.1246  0.8498    3.2676  2.5517
 5110      NaN     NaN    4.4153  2.1045    2.8126  3.5760    2.1253  0.8504    3.2723  2.5610
 5120      NaN     NaN    4.4294  2.1040    2.8031  3.5804    2.1247  0.8499    3.2765  2.5705
 5130      NaN     NaN    4.4446  2.1019    2.7931  3.5843    2.1246  0.8501    3.2806  2.5802
 5140      NaN     NaN    4.4588  2.1007    2.7845  3.5887    2.1247  0.8500    3.2845  2.5890
 5150      NaN     NaN    4.4731  2.0995    2.7745  3.5925    2.1255  0.8504    3.2889  2.5986
 5160      NaN     NaN    4.4871  2.0982    2.7651  3.5977    2.1247  0.8497    3.2940  2.6088
 5170      NaN     NaN    4.5010  2.0970    2.7554  3.6020    2.1246  0.8496    3.2981  2.6184
 5180      NaN     NaN    4.5155  2.0967    2.7458  3.6056    2.1250  0.8498    3.3026  2.6279
 5190      NaN     NaN    4.5294  2.0955    2.7357  3.6102    2.1247  0.8497    3.3071  2.6380
 5200      NaN     NaN    4.5437  2.0947    2.7268  3.6141    2.1254  0.8503    3.3113  2.6476
 5210      NaN     NaN    4.5580  2.0934    2.7165  3.6179    2.1252  0.8496    3.3164  2.6584
 5220      NaN     NaN    4.5717  2.0931    2.7073  3.6224    2.1246  0.8501    3.3212  2.6683
 5230      NaN     NaN    4.5851  2.0927    2.6980  3.6263    2.1247  0.8500    3.3258  2.6780
 5240      NaN     NaN    4.5993  2.0917    2.6880  3.6305    2.1250  0.8496    3.3309  2.6883
 5250      NaN     NaN    4.6132  2.0914    2.6784  3.6351    2.1252  0.8497    3.3357  2.6990
 5260      NaN     NaN    4.6266  2.0907    2.6685  3.6390    2.1252  0.8495    3.3404  2.7084
 5270      NaN     NaN    4.6407  2.0910    2.6595  3.6432    2.1252  0.8503    3.3448  2.7194
 5280      NaN     NaN    4.6537  2.0904    2.6492  3.6471    2.1252  0.8502    3.3500  2.7300
 5290      NaN     NaN    4.6673  2.0896    2.6395  3.6511    2.1249  0.8502    3.3549  2.7396
 5300      NaN     NaN    4.6800  2.0898    2.6302  3.6547    2.1254  0.8501    3.3595  2.7499
 5310      NaN     NaN    4.6933  2.0893    2.6200  3.6585    2.1254  0.8503    3.3648  2.7604
 5320      NaN     NaN    4.7066  2.0894    2.6112  3.6628    2.1250  0.8497    3.3700  2.7706
 5330      NaN     NaN    4.7206  2.0893    2.6006  3.6672    2.1247  0.8497    3.3754  2.7811
 5340      NaN     NaN    4.7335  2.0894    2.5908  3.6704    2.1248  0.8505    3.3802  2.7918
 5350      NaN     NaN    4.7464  2.0898    2.5816  3.6751    2.1245  0.8497    3.3850  2.8021
 5360      NaN     NaN    4.7592  2.0899    2.5715  3.6781    2.1253  0.8496    3.3903  2.8127
 5370      NaN     NaN    4.7720  2.0907    2.5621  3.6823    2.1254  0.8502    3.3950  2.8228
 5380      NaN     NaN    4.7849  2.0906    2.5520  3.6866    2.1252  0.8497    3.4008  2.8335
 5390      NaN     NaN    4.7980  2.0913    2.5429  3.6899    2.1248  0.8498    3.4050  2.8442
 5400      NaN     NaN    4.8107  2.0919    2.5325  3.6939    2.1246  0.8495    3.4103  2.8544
 5410      NaN     NaN    4.8229  2.0920    2.5233  3.6973    2.1245  0.8502    3.4161  2.8649
 5420      NaN     NaN    4.8356  2.0933    2.5136  3.7015    2.1252  0.8503    3.4206  2.8755
 5430      NaN     NaN    4.8477  2.0937    2.5035  3.7053    2.1253  0.8499    3.4261  2.8858
 5440      NaN     NaN    4.8609  2.0946    2.4938  3.7084    2.1252  0.8501    3.4314  2.8961
 5450      NaN     NaN    4.8726  2.0948    2.4836  3.7128    2.1255  0.8505    3.4361  2.9057
 5460      NaN     NaN    4.8852  2.0963    2.4740  3.7157    2.1247  0.8501    3.4417  2.9160
 5470      NaN     NaN    4.8971  2.0971    2.4639  3.7193    2.1249  0.8504    3.4465  2.9261
 5480      NaN     NaN    4.9093  2.0977    2.4540  3.7238    2.1253  0.8498    3.4511  2.9363
 5490      NaN     NaN    4.9217  2.0992    2.4445  3.7272    2.1250  0.8503    3.4562  2.9466
 5500      NaN     NaN    4.9338  2.1005    2.4344  3.7307    2.1251  0.8504    3.4616  2.9569
 5510      NaN     NaN    4.9451  2.1010    2.4242  3.7341    2.1253  0.8499    3.4666  2.9668
 5520      NaN     NaN    4.9568  2.1027    2.4142  3.7376    2.1246  0.8500    3.4715  2.9770
 5530      NaN     NaN    4.9687  2.1043    2.4044  3.7410    2.1248  0.8497    3.4765  2.9869
 5540      NaN     NaN    4.9812  2.1055    2.3943  3.7447    2.1246  0.8505    3.4813  2.9964
 5550      NaN     NaN    4.9928  2.1070    2.3846  3.7474    2.1245  0.8499    3.4870  3.0060
 5560      NaN     NaN    5.0036  2.1088    2.3744  3.7510    2.1254  0.8501    3.4912  3.0157
 5570      NaN     NaN    5.0151  2.1103    2.3646  3.7545    2.1251  0.8501    3.4969  3.0260
 5580      NaN     NaN    5.0270  2.1125    2.3546  3.7579    2.1246  0.8499    3.5010  3.0356
 5590      NaN     NaN    5.0382  2.1141    2.3443  3.7612    2.1247  0.8498    3.5061  3.0446
 5600      NaN     NaN    5.0495  2.1161    2.3345  3.7645    2.1254  0.8499    3.5109  3.0545
 5610      NaN     NaN    5.0608  2.1175    2.3247  3.7681    2.1254  0.8501    3.5160  3.0634
 5620      NaN     NaN    5.0721  2.1193    2.3148  3.7714    2.1245  0.8501    3.5210  3.0728
 5630      NaN     NaN    5.0833  2.1219    2.3042  3.7744    2.1254  0.8495    3.5253  3.0813
 5640      NaN     NaN    5.0946  2.1238    2.2942  3.7770    2.1250  0.8498    3.5304  3.0912
 5650      NaN     NaN    5.1056  2.1261    2.2843  3.7808    2.1253  0.8500    3.5344  3.0998
 5660      NaN     NaN    5.1167  2.1279    2.2743  3.7838    2.1247  0.8503    3.5392  3.1080
 5670      NaN     NaN    5.1268  2.1306    2.2640  3.7869    2.1252  0.8502    3.5435  3.1170
 5680      NaN     NaN       NaN     NaN    2.2536  3.7894    2.1255  0.8504    3.5478  3.1252
 5690      NaN     NaN       NaN     NaN    2.2436  3.7925    2.1253  0.8496    3.5530  3.1338
 5700      NaN     NaN       NaN     NaN    2.2335  3.7960    2.1250  0.8498    3.5569  3.1424
 5710      NaN     NaN       NaN     NaN    2.2233  3.7987    2.1248  0.8503    3.5610  3.1509
 5720      NaN     NaN       NaN     NaN    2.2130  3.8013    2.1246  0.8501    3.5661  3.1587
 5730      NaN     NaN       NaN     NaN    2.2030  3.8041    2.1248  0.8503    3.5704  3.1668
 5740      NaN     NaN       NaN     NaN    2.1931  3.8069    2.1245  0.8496    3.5741  3.1739
 5750      NaN     NaN       NaN     NaN    2.1826  3.8101    2.1255  0.8498    3.5783  3.1821
 5760      NaN     NaN       NaN     NaN    2.1725  3.8126    2.1252  0.8498    3.5818  3.1898
 5770      NaN     NaN       NaN     NaN    2.1628  3.8152    2.1254  0.8500    3.5866  3.1961
 5780      NaN     NaN       NaN     NaN    2.1521  3.8177    2.1255  0.8495    3.5902  3.2038
 5790      NaN     NaN       NaN     NaN    2.1420  3.8212    2.1254  0.8504    3.5944  3.2108
 5800      NaN     NaN       NaN     NaN    2.1313  3.8230    2.1253  0.8504    3.5978  3.2174
 5810      NaN     NaN       NaN     NaN    2.1217  3.8259    2.1246  0.8496    3.6011  3.2244
 5820      NaN     NaN       NaN     NaN    2.1115  3.8283    2.1254  0.8495    3.6046  3.2310
 5830      NaN     NaN       NaN     NaN    2.1004  3.8306    2.1251  0.8498    3.6083  3.2368
 5840      NaN     NaN       NaN     NaN    2.0905  3.8332    2.1252  0.8497    3.6116  3.2432
 5850      NaN     NaN       NaN     NaN    2.0794  3.8361    2.1251  0.8499    3.6156  3.2497
 5860      NaN     NaN       NaN     NaN    2.0696  3.8386    2.1251  0.8496    3.6190  3.2555
 5870      NaN     NaN       NaN     NaN    2.0590  3.8406    2.1255  0.8495    3.6224  3.2604
 5880      NaN     NaN       NaN     NaN    2.0485  3.8433    2.1252  0.8501    3.6247  3.2662
 5890      NaN     NaN       NaN     NaN    2.0377  3.8459    2.1250  0.8497    3.6283  3.2710
 5900      NaN     NaN       NaN     NaN    2.0272  3.8477    2.1245  0.8502    3.6307  3.2764
 5910      NaN     NaN       NaN     NaN    2.0169  3.8498    2.1250  0.8498    3.6334  3.2815
 5920      NaN     NaN       NaN     NaN    2.0063  3.8521    2.1252  0.8501    3.6370  3.2861
 5930      NaN     NaN       NaN     NaN    1.9949  3.8543    2.1254  0.8501    3.6395  3.2906
 5940      NaN     NaN       NaN     NaN    1.9844  3.8572    2.1249  0.8495    3.6417  3.2946
 5950      NaN     NaN       NaN     NaN    1.9736  3.8588    2.1248  0.8502    3.6446  3.2989
 5960      NaN     NaN       NaN     NaN    1.9632  3.8617    2.1245  0.8501    3.6466  3.3021
 5970      NaN     NaN       NaN     NaN    1.9526  3.8640    2.1251  0.8497    3.6486  3.3061
 5980      NaN     NaN       NaN     NaN    1.9416  3.8654    2.1249  0.8502    3.6506  3.3090
 5990      NaN     NaN       NaN     NaN    1.9310  3.8682    2.1247  0.8495    3.6531  3.3122
 6000      NaN     NaN       NaN     NaN    1.9201  3.8701    2.1247  0.8501    3.6552  3.3147
 6010      NaN     NaN       NaN     NaN    1.9093  3.8719    2.1251  0.8502    3.6569  3.3180
 6020      NaN     NaN       NaN     NaN    1.8979  3.8746    2.1246  0.8498    3.6591  3.3207
 6030      NaN     NaN       NaN     NaN    1.8869  3.8761    2.1251  0.8500    3.6608  3.3235
 6040      NaN     NaN       NaN     NaN    1.8764  3.8787    2.1250  0.8505    3.6623  3.3261
 6050      NaN     NaN       NaN     NaN    1.8647  3.8803    2.1245  0.8504    3.6647  3.3281
 6060      NaN     NaN       NaN     NaN    1.8536  3.8821    2.1252  0.8498    3.6666  3.3309
 6070      NaN     NaN       NaN     NaN    1.8427  3.8847    2.1245  0.8500    3.6680  3.3339
 6080      NaN     NaN       NaN     NaN    1.8319  3.8861    2.1255  0.8502    3.6702  3.3365
 6090      NaN     NaN       NaN     NaN    1.8203  3.8879    2.1248  0.8504    3.6718  3.3390
 6100      NaN     NaN       NaN     NaN    1.8093  3.8901    2.1252  0.8500    3.6733  3.3419
 6110      NaN     NaN       NaN     NaN    1.7978  3.8922    2.1255  0.8501    3.6756  3.3447
 6120      NaN     NaN       NaN     NaN    1.7867  3.8937    2.1255  0.8499    3.6775  3.3468
 6130      NaN     NaN       NaN     NaN    1.7759  3.8957    2.1253  0.8499    3.6792  3.3494
 6140      NaN     NaN       NaN     NaN    1.7648  3.8972    2.1252  0.8498    3.6806  3.3526
 6150      NaN     NaN       NaN     NaN    1.7530  3.8992    2.1251  0.8497    3.6827  3.3551
 6160      NaN     NaN       NaN     NaN    1.7417  3.9003    2.1254  0.8499    3.6842  3.3574
 6170      NaN     NaN       NaN     NaN    1.7312  3.9022    2.1252  0.8502    3.6859  3.3599
 6180      NaN     NaN       NaN     NaN    1.7195  3.9042    2.1252  0.8498    3.6882  3.3632
 6190      NaN     NaN       NaN     NaN    1.7081  3.9056    2.1251  0.8499    3.6896  3.3653
 6200      NaN     NaN       NaN     NaN    1.6974  3.9076    2.1250  0.8500    3.6921  3.3677
 6210      NaN     NaN       NaN     NaN    1.6860  3.9093    2.1251  0.8504    3.6940  3.3701
 6220      NaN     NaN       NaN     NaN    1.6737  3.9108    2.1249  0.8502    3.6953  3.3734
 6230      NaN     NaN       NaN     NaN    1.6625  3.9124    2.1253  0.8498    3.6974  3.3752
 6240      NaN     NaN       NaN     NaN    1.6516  3.9137    2.1249  0.8496    3.6993  3.3780
 6250      NaN     NaN       NaN     NaN    1.6396  3.9156    2.1246  0.8502    3.7013  3.3805
 6260      NaN     NaN       NaN     NaN    1.6283  3.9169    2.1248  0.8503    3.7026  3.3833
 6270      NaN     NaN       NaN     NaN    1.6173  3.9193    2.1250  0.8497    3.7047  3.3859
 6280      NaN     NaN       NaN     NaN    1.6057  3.9200    2.1252  0.8498    3.7061  3.3881
 6290      NaN     NaN       NaN     NaN    1.5942  3.9215    2.1247  0.8497    3.7085  3.3910
 6300      NaN     NaN       NaN     NaN    1.5824  3.9230    2.1246  0.8498    3.7096  3.3932
 6310      NaN     NaN       NaN     NaN    1.5709  3.9246    2.1253  0.8502    3.7115  3.3955
 6320      NaN     NaN       NaN     NaN    1.5594  3.9265    2.1251  0.8505    3.7136  3.3988
 6330      NaN     NaN       NaN     NaN    1.5473  3.9274    2.1254  0.8500    3.7153  3.4005
 6340      NaN     NaN       NaN     NaN    1.5360  3.9289    2.1249  0.8505    3.7170  3.4032
 6350      NaN     NaN       NaN     NaN    1.5246  3.9311    2.1246  0.8499    3.7186  3.4054
 6360      NaN     NaN       NaN     NaN    1.5127  3.9316    2.1249  0.8504    3.7201  3.4082
 6370      NaN     NaN       NaN     NaN    1.5014  3.9335    2.1254  0.8497    3.7217  3.4106
 6380      NaN     NaN       NaN     NaN    1.4891  3.9346    2.1253  0.8501    3.7234  3.4135
 6390      NaN     NaN       NaN     NaN    1.4773  3.9358    2.1247  0.8502    3.7253  3.4153
 6400      NaN     NaN       NaN     NaN    1.4661  3.9378    2.1252  0.8502    3.7272  3.4181
 6410      NaN     NaN       NaN     NaN    1.4543  3.9389    2.1250  0.8498    3.7290  3.4208
 6420      NaN     NaN       NaN     NaN    1.4431  3.9404    2.1246  0.8495    3.7307  3.4230
 6430      NaN     NaN       NaN     NaN    1.4305  3.9413    2.1247  0.8496    3.7325  3.4253
 6440      NaN     NaN       NaN     NaN    1.4196  3.9430    2.1255  0.8502    3.7345  3.4273
 6450      NaN     NaN       NaN     NaN    1.4075  3.9439    2.1254  0.8502    3.7362  3.4303
 6460      NaN     NaN       NaN     NaN    1.3953  3.9454    2.1246  0.8503    3.7376  3.4321
 6470      NaN     NaN       NaN     NaN    1.3836  3.9462    2.1246  0.8500    3.7396  3.4346
 6480      NaN     NaN       NaN     NaN    1.3717  3.9478    2.1247  0.8500    3.7414  3.4371
 6490      NaN     NaN       NaN     NaN    1.3600  3.9485    2.1246  0.8496    3.7432  3.4400
 6500      NaN     NaN       NaN     NaN    1.3485  3.9494    2.1249  0.8503    3.7447  3.4416
 6510      NaN     NaN       NaN     NaN    1.3364  3.9511    2.1246  0.8499    3.7460  3.4448
 6520      NaN     NaN       NaN     NaN    1.3245  3.9519    2.1252  0.8502    3.7487  3.4463
 6530      NaN     NaN       NaN     NaN    1.3133  3.9530    2.1252  0.8499    3.7502  3.4485
 6540      NaN     NaN       NaN     NaN    1.3018  3.9546    2.1250  0.8504    3.7516  3.4518
 6550      NaN     NaN       NaN     NaN    1.2891  3.9556    2.1248  0.8498    3.7533  3.4536
 6560      NaN     NaN       NaN     NaN    1.2773  3.9570    2.1249  0.8497    3.7546  3.4563
 6570      NaN     NaN       NaN     NaN    1.2660  3.9579    2.1255  0.8500    3.7570  3.4586
 6580      NaN     NaN       NaN     NaN    1.2542  3.9592    2.1255  0.8498    3.7583  3.4608
 6590      NaN     NaN       NaN     NaN    1.2425  3.9601    2.1252  0.8501    3.7605  3.4633
 6600      NaN     NaN       NaN     NaN    1.2298  3.9606    2.1248  0.8498    3.7617  3.4647
 6610      NaN     NaN       NaN     NaN    1.2179  3.9616    2.1248  0.8501    3.7637  3.4670
 6620      NaN     NaN       NaN     NaN    1.2060  3.9625    2.1246  0.8500    3.7652  3.4693
 6630      NaN     NaN       NaN     NaN    1.1945  3.9641    2.1250  0.8498    3.7669  3.4715
 6640      NaN     NaN       NaN     NaN    1.1824  3.9646    2.1255  0.8505    3.7689  3.4746
 6650      NaN     NaN       NaN     NaN    1.1709  3.9662    2.1246  0.8502    3.7705  3.4765
 6660      NaN     NaN       NaN     NaN    1.1592  3.9672    2.1251  0.8497    3.7716  3.4786
 6670      NaN     NaN       NaN     NaN    1.1467  3.9680    2.1251  0.8503    3.7735  3.4807
 6680      NaN     NaN       NaN     NaN    1.1349  3.9690    2.1252  0.8505    3.7751  3.4829
 6690      NaN     NaN       NaN     NaN    1.1237  3.9701    2.1248  0.8498    3.7767  3.4852
 6700      NaN     NaN       NaN     NaN    1.1111  3.9703    2.1254  0.8498    3.7790  3.4876
 6710      NaN     NaN       NaN     NaN    1.0991  3.9712    2.1247  0.8498    3.7799  3.4901
 6720      NaN     NaN       NaN     NaN    1.0872  3.9727    2.1254  0.8495    3.7821  3.4921
 6730      NaN     NaN       NaN     NaN    1.0753  3.9734    2.1251  0.8497    3.7837  3.4942
 6740      NaN     NaN       NaN     NaN    1.0639  3.9738    2.1249  0.8498    3.7855  3.4966
 6750      NaN     NaN       NaN     NaN    1.0517  3.9746    2.1252  0.8505    3.7868  3.4984
 6760      NaN     NaN       NaN     NaN    1.0398  3.9763    2.1253  0.8499    3.7886  3.5007
 6770      NaN     NaN       NaN     NaN    1.0282  3.9768    2.1250  0.8499    3.7906  3.5031
 6780      NaN     NaN       NaN     NaN    1.0159  3.9778    2.1249  0.8495    3.7914  3.5049
 6790      NaN     NaN       NaN     NaN    1.0038  3.9785    2.1249  0.8496    3.7934  3.5075
 6800      NaN     NaN       NaN     NaN    0.9922  3.9790    2.1253  0.8503    3.7955  3.5093
 6810      NaN     NaN       NaN     NaN    0.9803  3.9801    2.1252  0.8500    3.7966  3.5116
 6820      NaN     NaN       NaN     NaN    0.9684  3.9811    2.1247  0.8502    3.7985  3.5138
 6830      NaN     NaN       NaN     NaN    0.9566  3.9821    2.1248  0.8501    3.8003  3.5163
 6840      NaN     NaN       NaN     NaN    0.9449  3.9826    2.1253  0.8503    3.8019  3.5177
 6850      NaN     NaN       NaN     NaN    0.9325  3.9832    2.1251  0.8497    3.8036  3.5199
 6860      NaN     NaN       NaN     NaN    0.9206  3.9838    2.1245  0.8503    3.8045  3.5225
 6870      NaN     NaN       NaN     NaN    0.9090  3.9847    2.1250  0.8499    3.8063  3.5243
 6880      NaN     NaN       NaN     NaN    0.8969  3.9853    2.1255  0.8504    3.8077  3.5265
 6890      NaN     NaN       NaN     NaN    0.8851  3.9865    2.1254  0.8500    3.8096  3.5286
 6900      NaN     NaN       NaN     NaN    0.8737  3.9874    2.1251  0.8499    3.8109  3.5308
 6910      NaN     NaN       NaN     NaN    0.8618  3.9875    2.1254  0.8501    3.8132  3.5323
 6920      NaN     NaN       NaN     NaN    0.8496  3.9885    2.1253  0.8497    3.8145  3.5345
 6930      NaN     NaN       NaN     NaN    0.8378  3.9891    2.1255  0.8498    3.8158  3.5363
 6940      NaN     NaN       NaN     NaN    0.8264  3.9901    2.1251  0.8504    3.8173  3.5385
 6950      NaN     NaN       NaN     NaN    0.8140  3.9910    2.1251  0.8501    3.8189  3.5409
 6960      NaN     NaN       NaN     NaN    0.8027  3.9917    2.1249  0.8501    3.8206  3.5432
 6970      NaN     NaN       NaN     NaN    0.7903  3.9924    2.1246  0.8498    3.8223  3.5452
 6980      NaN     NaN       NaN     NaN    0.7788  3.9925    2.1246  0.8496    3.8242  3.5464
 6990      NaN     NaN       NaN     NaN    0.7672  3.9939    2.1254  0.8503    3.8254  3.5485
 7000      NaN     NaN       NaN     NaN    0.7559  3.9941    2.1254  0.8497    3.8272  3.5508
 7010      NaN     NaN       NaN     NaN    0.7433  3.9952    2.1252  0.8504    3.8284  3.5528
 7020      NaN     NaN       NaN     NaN    0.7324  3.9951    2.1250  0.8497    3.8299  3.5550
 7030      NaN     NaN       NaN     NaN    0.7201  3.9965    2.1253  0.8501    3.8317  3.5569
 7040      NaN     NaN       NaN     NaN    0.7083  3.9967    2.1250  0.8497    3.8339  3.5587
 7050      NaN     NaN       NaN     NaN    0.6966  3.9978    2.1251  0.8496    3.8346  3.5609
 7060      NaN     NaN       NaN     NaN    0.6853  3.9978    2.1247  0.8498    3.8364  3.5624
 7070      NaN     NaN       NaN     NaN    0.6730  3.9984    2.1252  0.8496    3.8382  3.5649
 7080      NaN     NaN       NaN     NaN    0.6619  3.9999    2.1246  0.8499    3.8396  3.5671
 7090      NaN     NaN       NaN     NaN    0.6495  3.9997    2.1252  0.8501    3.8408  3.5683
 7100      NaN     NaN       NaN     NaN    0.6379  4.0006    2.1248  0.8499    3.8430  3.5710
 7110      NaN     NaN       NaN     NaN    0.6271  4.0012    2.1254  0.8500    3.8441  3.5729
 7120      NaN     NaN       NaN     NaN    0.6152  4.0024    2.1253  0.8505    3.8457  3.5744
 7130      NaN     NaN       NaN     NaN    0.6037  4.0024    2.1249  0.8497    3.8473  3.5762
 7140      NaN     NaN       NaN     NaN    0.5917  4.0035    2.1250  0.8498    3.8487  3.5777
 7150      NaN     NaN       NaN     NaN    0.5806  4.0035    2.1247  0.8497    3.8501  3.5800
 7160      NaN     NaN       NaN     NaN    0.5689  4.0050    2.1250  0.8505    3.8515  3.5816
 7170      NaN     NaN       NaN     NaN    0.5573  4.0056    2.1253  0.8498    3.8539  3.5835
 7180      NaN     NaN       NaN     NaN    0.5454  4.0054    2.1246  0.8503    3.8548  3.5858
 7190      NaN     NaN       NaN     NaN    0.5344  4.0067    2.1252  0.8502    3.8560  3.5880
 7200      NaN     NaN       NaN     NaN    0.5223  4.0073    2.1255  0.8495    3.8584  3.5892
 7210      NaN     NaN       NaN     NaN    0.5109  4.0072    2.1249  0.8502    3.8593  3.5914
 7220      NaN     NaN       NaN     NaN    0.4992  4.0082    2.1249  0.8500    3.8606  3.5930
 7230      NaN     NaN       NaN     NaN    0.4884  4.0092    2.1246  0.8495    3.8622  3.5946
 7240      NaN     NaN       NaN     NaN    0.4765  4.0091    2.1246  0.8504    3.8640  3.5972
 7250      NaN     NaN       NaN     NaN    0.4649  4.0097    2.1246  0.8501    3.8657  3.5985
 7260      NaN     NaN       NaN     NaN    0.4539  4.0102    2.1251  0.8496    3.8671  3.6009
 7270      NaN     NaN       NaN     NaN    0.4424  4.0113    2.1250  0.8502    3.8683  3.6018
 7280      NaN     NaN       NaN     NaN    0.4308  4.0120    2.1245  0.8505    3.8701  3.6042
 7290      NaN     NaN       NaN     NaN    0.4193  4.0123    2.1248  0.8503    3.8715  3.6054
 7300      NaN     NaN       NaN     NaN    0.4089  4.0132    2.1245  0.8504    3.8727  3.6079
 7310      NaN     NaN       NaN     NaN    0.3967  4.0137    2.1248  0.8500    3.8740  3.6092
 7320      NaN     NaN       NaN     NaN    0.3862  4.0140    2.1253  0.8505    3.8764  3.6110
 7330      NaN     NaN       NaN     NaN    0.3741  4.0151    2.1253  0.8504    3.8772  3.6126
 7340      NaN     NaN       NaN     NaN    0.3638  4.0159    2.1251  0.8497    3.8789  3.6144
 7350      NaN     NaN       NaN     NaN    0.3517  4.0166    2.1245  0.8504    3.8802  3.6159
 7360      NaN     NaN       NaN     NaN    0.3407  4.0172    2.1253  0.8505    3.8819  3.6180
 7370      NaN     NaN       NaN     NaN    0.3297  4.0173    2.1249  0.8501    3.8834  3.6197
 7380      NaN     NaN       NaN     NaN    0.3187  4.0183    2.1254  0.8499    3.8851  3.6215
 7390      NaN     NaN       NaN     NaN    0.3079  4.0186    2.1255  0.8505    3.8857  3.6237
 7400      NaN     NaN       NaN     NaN    0.2963  4.0190    2.1248  0.8500    3.8872  3.6252
 7410      NaN     NaN       NaN     NaN    0.2851  4.0193    2.1253  0.8502    3.8893  3.6271
 7420      NaN     NaN       NaN     NaN    0.2746  4.0204    2.1255  0.8502    3.8905  3.6281
 7430      NaN     NaN       NaN     NaN    0.2634  4.0214    2.1253  0.8504    3.8917  3.6303
 7440      NaN     NaN       NaN     NaN    0.2522  4.0218    2.1253  0.8499    3.8932  3.6320
 7450      NaN     NaN       NaN     NaN    0.2418  4.0223    2.1249  0.8505    3.8948  3.6330
 7460      NaN     NaN       NaN     NaN    0.2306  4.0233    2.1248  0.8497    3.8968  3.6352
 7470      NaN     NaN       NaN     NaN    0.2199  4.0235    2.1249  0.8498    3.8980  3.6369
 7480      NaN     NaN       NaN     NaN    0.2090  4.0237    2.1250  0.8500    3.8988  3.6389
 7490      NaN     NaN       NaN     NaN    0.1978  4.0251    2.1251  0.8498    3.9011  3.6405
 7500      NaN     NaN       NaN     NaN    0.1870  4.0252    2.1246  0.8504    3.9018  3.6420
 7510      NaN     NaN       NaN     NaN    0.1759  4.0263    2.1248  0.8496    3.9038  3.6431
 7520      NaN     NaN       NaN     NaN    0.1657  4.0262    2.1246  0.8500    3.9049  3.6449
 7530      NaN     NaN       NaN     NaN    0.1549  4.0273    2.1246  0.8500    3.9067  3.6467
 7540      NaN     NaN       NaN     NaN    0.1440  4.0278    2.1253  0.8502    3.9075  3.6487
 7550      NaN     NaN       NaN     NaN    0.1335  4.0284    2.1252  0.8498    3.9092  3.6495
 7560      NaN     NaN       NaN     NaN    0.1226  4.0295    2.1246  0.8496    3.9103  3.6517
 7570      NaN     NaN       NaN     NaN    0.1124  4.0304    2.1248  0.8504    3.9119  3.6532
 7580      NaN     NaN       NaN     NaN    0.1018  4.0303    2.1249  0.8503    3.9136  3.6549
 7590      NaN     NaN       NaN     NaN    0.0905  4.0314    2.1249  0.8501    3.9152  3.6559
 7600      NaN     NaN       NaN     NaN    0.0801  4.0323    2.1253  0.8497    3.9165  3.6581
 7610      NaN     NaN       NaN     NaN    0.0700  4.0331    2.1249  0.8501    3.9177  3.6594
 7620      NaN     NaN       NaN     NaN    0.0592  4.0337    2.1248  0.8504    3.9193  3.6613
 7630      NaN     NaN       NaN     NaN    0.0488  4.0338    2.1253  0.8496    3.9202  3.6624
 7640      NaN     NaN       NaN     NaN    0.0390  4.0350    2.1253  0.8497    3.9221  3.6643
 7650      NaN     NaN       NaN     NaN    0.0286  4.0355    2.1245  0.8497    3.9226  3.6658
 7660      NaN     NaN       NaN     NaN    0.0182  4.0359    2.1254  0.8503    3.9244  3.6672
 7670      NaN     NaN       NaN     NaN    0.0075  4.0370    2.1249  0.8505    3.9262  3.6681
 7680      NaN     NaN       NaN     NaN   -0.0027  4.0373    2.1248  0.8502    3.9272  3.6704
 7690      NaN     NaN       NaN     NaN   -0.0132  4.0381    2.1247  0.8503    3.9281  3.6710
 7700      NaN     NaN       NaN     NaN   -0.0235  4.0391    2.1254  0.8498    3.9294  3.6733
 7710      NaN     NaN       NaN     NaN   -0.0333  4.0400    2.1247  0.8502    3.9308  3.6740
 7720      NaN     NaN       NaN     NaN   -0.0431  4.0400    2.1255  0.8496    3.9325  3.6759
 7730      NaN     NaN       NaN     NaN   -0.0533  4.0409    2.1246  0.8500    3.9335  3.6772
 7740      NaN     NaN       NaN     NaN   -0.0629  4.0421    2.1254  0.8502    3.9350  3.6786
 7750      NaN     NaN       NaN     NaN   -0.0735  4.0421    2.1253  0.8501    3.9365  3.6800
 7760      NaN     NaN       NaN     NaN   -0.0833  4.0434    2.1248  0.8497    3.9381  3.6817
 7770      NaN     NaN       NaN     NaN   -0.0931  4.0433    2.1251  0.8502    3.9397  3.6828
 7780      NaN     NaN       NaN     NaN   -0.1031  4.0442    2.1254  0.8502    3.9406  3.6848
 7790      NaN     NaN       NaN     NaN   -0.1124  4.0448    2.1248  0.8505    3.9417  3.6857
 7800      NaN     NaN       NaN     NaN   -0.1226  4.0449    2.1249  0.8503    3.9439  3.6876
 7810      NaN     NaN       NaN     NaN   -0.1321  4.0463    2.1246  0.8497    3.9443  3.6893
 7820      NaN     NaN       NaN     NaN   -0.1425  4.0469    2.1251  0.8505    3.9465  3.6908
 7830      NaN     NaN       NaN     NaN   -0.1518  4.0468    2.1247  0.8498    3.9474  3.6919
 7840      NaN     NaN       NaN     NaN   -0.1617  4.0476    2.1251  0.8503    3.9487  3.6934
 7850      NaN     NaN       NaN     NaN   -0.1709  4.0478    2.1250  0.8499    3.9503  3.6944
 7860      NaN     NaN       NaN     NaN   -0.1802  4.0488    2.1254  0.8497    3.9515  3.6964
 7870      NaN     NaN       NaN     NaN   -0.1899  4.0494    2.1247  0.8496    3.9530  3.6972
 7880      NaN     NaN       NaN     NaN   -0.1996  4.0496    2.1248  0.8504    3.9536  3.6988
 7890      NaN     NaN       NaN     NaN   -0.2086  4.0497    2.1249  0.8505    3.9552  3.7005
 7900      NaN     NaN       NaN     NaN   -0.2185  4.0500    2.1249  0.8501    3.9563  3.7011
 7910      NaN     NaN       NaN     NaN   -0.2273  4.0507    2.1251  0.8503    3.9575  3.7023
 7920      NaN     NaN       NaN     NaN   -0.2369  4.0515    2.1250  0.8500    3.9589  3.7044
 7930      NaN     NaN       NaN     NaN   -0.2466  4.0512    2.1251  0.8496    3.9606  3.7056
 7940      NaN     NaN       NaN     NaN   -0.2554  4.0523    2.1255  0.8496    3.9619  3.7070
 7950      NaN     NaN       NaN     NaN   -0.2651  4.0521    2.1250  0.8499    3.9634  3.7078
 7960      NaN     NaN       NaN     NaN   -0.2738  4.0526    2.1246  0.8501    3.9647  3.7096
 7970      NaN     NaN       NaN     NaN   -0.2828  4.0531    2.1249  0.8495    3.9661  3.7104
 7980      NaN     NaN       NaN     NaN   -0.2920  4.0533    2.1254  0.8504    3.9668  3.7114
 7990      NaN     NaN       NaN     NaN   -0.3008  4.0536    2.1251  0.8503    3.9686  3.7137
 8000      NaN     NaN       NaN     NaN   -0.3098  4.0539    2.1246  0.8502    3.9695  3.7144
 8010      NaN     NaN       NaN     NaN   -0.3196  4.0540    2.1253  0.8499    3.9711  3.7162
 8020      NaN     NaN       NaN     NaN   -0.3279  4.0539    2.1254  0.8497    3.9717  3.7168
 8030      NaN     NaN       NaN     NaN   -0.3370  4.0547    2.1254  0.8500    3.9732  3.7184
 8040      NaN     NaN       NaN     NaN   -0.3463  4.0550    2.1248  0.8501    3.9741  3.7195
 8050      NaN     NaN       NaN     NaN   -0.3543  4.0552    2.1251  0.8502    3.9762  3.7205
 8060      NaN     NaN       NaN     NaN   -0.3634  4.0549    2.1255  0.8504    3.9769  3.7225
 8070      NaN     NaN       NaN     NaN   -0.3724  4.0551    2.1252  0.8504    3.9788  3.7230
 8080      NaN     NaN       NaN     NaN   -0.3808  4.0552    2.1252  0.8499    3.9796  3.7243
 8090      NaN     NaN       NaN     NaN   -0.3893  4.0560    2.1250  0.8503    3.9810  3.7260
 8100      NaN     NaN       NaN     NaN   -0.3983  4.0553    2.1250  0.8498    3.9825  3.7268
 8110      NaN     NaN       NaN     NaN   -0.4066  4.0563    2.1249  0.8501    3.9838  3.7285
 8120      NaN     NaN       NaN     NaN   -0.4153  4.0562    2.1250  0.8496    3.9851  3.7290
 8130      NaN     NaN       NaN     NaN   -0.4239  4.0558    2.1246  0.8501    3.9855  3.7303
 8140      NaN     NaN       NaN     NaN   -0.4321  4.0562    2.1249  0.8503    3.9872  3.7312
 8150      NaN     NaN       NaN     NaN   -0.4410  4.0563    2.1247  0.8495    3.9880  3.7329
 8160      NaN     NaN       NaN     NaN   -0.4496  4.0565    2.1251  0.8504    3.9891  3.7341
 8170      NaN     NaN       NaN     NaN   -0.4574  4.0568    2.1254  0.8500    3.9905  3.7353
 8180      NaN     NaN       NaN     NaN   -0.4656  4.0562    2.1253  0.8499    3.9917  3.7364
 8190      NaN     NaN       NaN     NaN   -0.4736  4.0567    2.1245  0.8504    3.9928  3.7374
 8200      NaN     NaN       NaN     NaN   -0.4824  4.0563    2.1247  0.8496    3.9945  3.7386
 8210      NaN     NaN       NaN     NaN   -0.4904  4.0569    2.1249  0.8497    3.9955  3.7393
 8220      NaN     NaN       NaN     NaN   -0.4989  4.0564    2.1247  0.8501    3.9971  3.7411
 8230      NaN     NaN       NaN     NaN   -0.5068  4.0565    2.1252  0.8502    3.9981  3.7420
 8240      NaN     NaN       NaN     NaN   -0.5150  4.0558    2.1248  0.8501    3.9995  3.7433
 8250      NaN     NaN       NaN     NaN   -0.5224  4.0567    2.1248  0.8501    4.0004  3.7438
 8260      NaN     NaN       NaN     NaN   -0.5308  4.0563    2.1254  0.8496    4.0021  3.7449
 8270      NaN     NaN       NaN     NaN   -0.5386  4.0563    2.1255  0.8498    4.0029  3.7459
 8280      NaN     NaN       NaN     NaN   -0.5467  4.0563    2.1251  0.8503    4.0039  3.7477
 8290      NaN     NaN       NaN     NaN   -0.5546  4.0556    2.1255  0.8496    4.0048  3.7480
 8300      NaN     NaN       NaN     NaN   -0.5628  4.0557    2.1248  0.8501    4.0060  3.7497
 8310      NaN     NaN       NaN     NaN   -0.5698  4.0555    2.1253  0.8496    4.0075  3.7507
 8320      NaN     NaN       NaN     NaN   -0.5779  4.0555    2.1251  0.8502    4.0086  3.7517
 8330      NaN     NaN       NaN     NaN   -0.5860  4.0551    2.1250  0.8497    4.0097  3.7523
 8340      NaN     NaN       NaN     NaN   -0.5931  4.0548    2.1254  0.8496    4.0112  3.7534
 8350      NaN     NaN       NaN     NaN   -0.6012  4.0550    2.1245  0.8500    4.0124  3.7548
 8360      NaN     NaN       NaN     NaN   -0.6086  4.0546    2.1255  0.8505    4.0131  3.7555
 8370      NaN     NaN       NaN     NaN   -0.6165  4.0541    2.1246  0.8499    4.0142  3.7570
 8380      NaN     NaN       NaN     NaN   -0.6238  4.0544    2.1245  0.8499    4.0161  3.7579
 8390      NaN     NaN       NaN     NaN   -0.6312  4.0538    2.1253  0.8501    4.0171  3.7592
 8400      NaN     NaN       NaN     NaN   -0.6383  4.0538    2.1249  0.8499    4.0178  3.7594
 8410      NaN     NaN       NaN     NaN   -0.6458  4.0531    2.1254  0.8498    4.0193  3.7603
 8420      NaN     NaN       NaN     NaN   -0.6530  4.0529    2.1247  0.8496    4.0207  3.7618
 8430      NaN     NaN       NaN     NaN   -0.6607  4.0522    2.1254  0.8496    4.0211  3.7624
 8440      NaN     NaN       NaN     NaN   -0.6678  4.0523    2.1248  0.8498    4.0230  3.7637
 8450      NaN     NaN       NaN     NaN   -0.6755  4.0522    2.1251  0.8498    4.0239  3.7646
 8460      NaN     NaN       NaN     NaN   -0.6830  4.0513    2.1251  0.8503    4.0247  3.7660
 8470      NaN     NaN       NaN     NaN   -0.6898  4.0508    2.1246  0.8504    4.0261  3.7664
 8480      NaN     NaN       NaN     NaN   -0.6967  4.0507    2.1245  0.8501    4.0274  3.7671
 8490      NaN     NaN       NaN     NaN   -0.7037  4.0503    2.1254  0.8498    4.0288  3.7678
 8500      NaN     NaN       NaN     NaN   -0.7107  4.0498    2.1249  0.8503    4.0296  3.7697
 8510      NaN     NaN       NaN     NaN   -0.7177  4.0490    2.1246  0.8498    4.0304  3.7701
 8520      NaN     NaN       NaN     NaN   -0.7248  4.0493    2.1246  0.8504    4.0319  3.7706
 8530      NaN     NaN       NaN     NaN   -0.7317  4.0483    2.1252  0.8502    4.0329  3.7719
 8540      NaN     NaN       NaN     NaN   -0.7385  4.0481    2.1252  0.8496    4.0345  3.7729
 8550      NaN     NaN       NaN     NaN   -0.7456  4.0475    2.1253  0.8504    4.0348  3.7735
 8560      NaN     NaN       NaN     NaN   -0.7526  4.0473    2.1249  0.8498    4.0364  3.7742
 8570      NaN     NaN       NaN     NaN   -0.7594  4.0467    2.1253  0.8497    4.0376  3.7756
 8580      NaN     NaN       NaN     NaN   -0.7658  4.0456    2.1250  0.8499    4.0387  3.7761
 8590      NaN     NaN       NaN     NaN   -0.7727  4.0449    2.1251  0.8501    4.0395  3.7770
 8600      NaN     NaN       NaN     NaN   -0.7796  4.0442    2.1246  0.8503    4.0410  3.7780
 8610      NaN     NaN       NaN     NaN   -0.7859  4.0439    2.1254  0.8498    4.0418  3.7786
 8620      NaN     NaN       NaN     NaN   -0.7926  4.0431    2.1249  0.8505    4.0423  3.7796
 8630      NaN     NaN       NaN     NaN   -0.7996  4.0429    2.1246  0.8498    4.0442  3.7809
 8640      NaN     NaN       NaN     NaN   -0.8054  4.0420    2.1246  0.8496    4.0455  3.7813
 8650      NaN     NaN       NaN     NaN   -0.8117  4.0414    2.1249  0.8495    4.0459  3.7819
 8660      NaN     NaN       NaN     NaN   -0.8184  4.0413    2.1250  0.8495    4.0471  3.7832
 8670      NaN     NaN       NaN     NaN   -0.8250  4.0399    2.1250  0.8504    4.0479  3.7837
 8680      NaN     NaN       NaN     NaN   -0.8312  4.0401    2.1250  0.8499    4.0490  3.7850
 8690      NaN     NaN       NaN     NaN   -0.8375  4.0392    2.1249  0.8502    4.0500  3.7853
 8700      NaN     NaN       NaN     NaN   -0.8437  4.0381    2.1246  0.8501    4.0516  3.7864
 8710      NaN     NaN       NaN     NaN   -0.8501  4.0379    2.1252  0.8496    4.0529  3.7863
 8720      NaN     NaN       NaN     NaN   -0.8561  4.0371    2.1254  0.8497    4.0536  3.7877
 8730      NaN     NaN       NaN     NaN   -0.8623  4.0364    2.1246  0.8502    4.0542  3.7883
 8740      NaN     NaN       NaN     NaN   -0.8685  4.0353    2.1251  0.8500    4.0556  3.7888
 8750      NaN     NaN       NaN     NaN       NaN     NaN    2.1247  0.8503    4.0570  3.7899
 8760      NaN     NaN       NaN     NaN       NaN     NaN    2.1245  0.8502    4.0580  3.7905
 8770      NaN     NaN       NaN     NaN       NaN     NaN    2.1254  0.8496    4.0587  3.7909
 8780      NaN     NaN       NaN     NaN       NaN     NaN    2.1253  0.8496    4.0596  3.7918
 8790      NaN     NaN       NaN     NaN       NaN     NaN    2.1252  0.8501    4.0606  3.7925
 8800      NaN     NaN       NaN     NaN       NaN     NaN    2.1252  0.8501    4.0615  3.7937
 8810      NaN     NaN       NaN     NaN       NaN     NaN    2.1249  0.8497    4.0629  3.7942
 8820      NaN     NaN       NaN     NaN       NaN     NaN    2.1250  0.8497    4.0640  3.7943
 8830      NaN     NaN       NaN     NaN       NaN     NaN    2.1246  0.8499    4.0647  3.7952
 8840      NaN     NaN       NaN     NaN       NaN     NaN    2.1246  0.8502    4.0661  3.7957
 8850      NaN     NaN       NaN     NaN       NaN     NaN    2.1250  0.8503    4.0674  3.7964
 8860      NaN     NaN       NaN     NaN       NaN     NaN    2.1248  0.8504    4.0681  3.7971
 8870      NaN     NaN       NaN     NaN       NaN     NaN    2.1248  0.8503    4.0694  3.7978
 8880      NaN     NaN       NaN     NaN       NaN     NaN    2.1251  0.8498    4.0704  3.7986
 8890      NaN     NaN       NaN     NaN       NaN     NaN    2.1245  0.8505    4.0709  3.7990
 8900      NaN     NaN       NaN     NaN       NaN     NaN    2.1250  0.8505    4.0723  3.7995
 8910      NaN     NaN       NaN     NaN       NaN     NaN    2.1254  0.8499    4.0734  3.8003
 8920      NaN     NaN       NaN     NaN       NaN     NaN    2.1253  0.8504    4.0743  3.8017
 8930      NaN     NaN       NaN     NaN       NaN     NaN    2.1252  0.8505    4.0752  3.8017
 8940      NaN     NaN       NaN     NaN       NaN     NaN    2.1245  0.8498    4.0759  3.8025
 8950      NaN     NaN       NaN     NaN       NaN     NaN    2.1254  0.8495    4.0776  3.8028
 8960      NaN     NaN       NaN     NaN       NaN     NaN    2.1247  0.8504    4.0784  3.8033
 8970      NaN     NaN       NaN     NaN       NaN     NaN    2.1251  0.8496    4.0788  3.8044
 8980      NaN     NaN       NaN     NaN       NaN     NaN    2.1247  0.8500    4.0800  3.8051
 8990      NaN     NaN       NaN     NaN       NaN     NaN    2.1253  0.8503    4.0808  3.8049
 9000      NaN     NaN       NaN     NaN       NaN     NaN    2.1254  0.8498    4.0821  3.8062
 9010      NaN     NaN       NaN     NaN       NaN     NaN    2.1247  0.8501    4.0835  3.8061
 9020      NaN     NaN       NaN     NaN       NaN     NaN    2.1250  0.8504    4.0840  3.8067
 9030      NaN     NaN       NaN     NaN       NaN     NaN    2.1251  0.8504    4.0849  3.8071
 9040      NaN     NaN       NaN     NaN       NaN     NaN    2.1246  0.8502    4.0859  3.8079
 9050      NaN     NaN       NaN     NaN       NaN     NaN    2.1247  0.8502    4.0865  3.8083
 9060      NaN     NaN       NaN     NaN       NaN     NaN    2.1249  0.8496    4.0881  3.8094
 9070      NaN     NaN       NaN     NaN       NaN     NaN    2.1248  0.8497    4.0893  3.8093
 9080      NaN     NaN       NaN     NaN       NaN     NaN    2.1253  0.8503    4.0895  3.8103
 9090      NaN     NaN       NaN     NaN       NaN     NaN    2.1253  0.8505    4.0908  3.8103
 9100      NaN     NaN       NaN     NaN       NaN     NaN    2.1246  0.8501    4.0913  3.8111
 9110      NaN     NaN       NaN     NaN       NaN     NaN    2.1248  0.8504    4.0928  3.8116
 9120      NaN     NaN       NaN     NaN       NaN     NaN    2.1253  0.8497    4.0933  3.8118
 9130      NaN     NaN       NaN     NaN       NaN     NaN    2.1250  0.8504    4.0941  3.8125
 9140      NaN     NaN       NaN     NaN       NaN     NaN    2.1247  0.8496    4.0952  3.8129
 9150      NaN     NaN       NaN     NaN       NaN     NaN    2.1245  0.8501    4.0967  3.8132
 9160      NaN     NaN       NaN     NaN       NaN     NaN    2.1249  0.8503    4.0969  3.8137
 9170      NaN     NaN       NaN     NaN       NaN     NaN    2.1252  0.8504    4.0982  3.8145
 9180      NaN     NaN       NaN     NaN       NaN     NaN    2.1246  0.8498    4.0996  3.8143
 9190      NaN     NaN       NaN     NaN       NaN     NaN    2.1245  0.8502    4.1004  3.8151
 9200      NaN     NaN       NaN     NaN       NaN     NaN    2.1248  0.8503    4.1015  3.8152
 9210      NaN     NaN       NaN     NaN       NaN     NaN    2.1249  0.8498    4.1017  3.8163
 9220      NaN     NaN       NaN     NaN       NaN     NaN    2.1253  0.8503    4.1025  3.8165
 9230      NaN     NaN       NaN     NaN       NaN     NaN    2.1248  0.8498    4.1034  3.8162
 9240      NaN     NaN       NaN     NaN       NaN     NaN    2.1247  0.8502    4.1048  3.8175
 9250      NaN     NaN       NaN     NaN       NaN     NaN    2.1247  0.8499    4.1051  3.8174
 9260      NaN     NaN       NaN     NaN       NaN     NaN    2.1248  0.8499    4.1068  3.8179
 9270      NaN     NaN       NaN     NaN       NaN     NaN    2.1254  0.8498    4.1079  3.8177
 9280      NaN     NaN       NaN     NaN       NaN     NaN    2.1253  0.8500    4.1079  3.8189
 9290      NaN     NaN       NaN     NaN       NaN     NaN    2.1246  0.8500    4.1094  3.8190
 9300      NaN     NaN       NaN     NaN       NaN     NaN    2.1250  0.8501    4.1103  3.8190
 9310      NaN     NaN       NaN     NaN       NaN     NaN    2.1251  0.8497    4.1106  3.8191
 9320      NaN     NaN       NaN     NaN       NaN     NaN    2.1250  0.8497    4.1118  3.8196
 9330      NaN     NaN       NaN     NaN       NaN     NaN    2.1247  0.8496    4.1132  3.8202
 9340      NaN     NaN       NaN     NaN       NaN     NaN    2.1251  0.8503    4.1133  3.8207
 9350      NaN     NaN       NaN     NaN       NaN     NaN    2.1254  0.8504    4.1147  3.8206
 9360      NaN     NaN       NaN     NaN       NaN     NaN    2.1245  0.8500    4.1151  3.8214
 9370      NaN     NaN       NaN     NaN       NaN     NaN    2.1249  0.8499    4.1163  3.8211
 9380      NaN     NaN       NaN     NaN       NaN     NaN    2.1251  0.8505    4.1175  3.8221
 9390      NaN     NaN       NaN     NaN       NaN     NaN    2.1248  0.8496    4.1175  3.8217
 9400      NaN     NaN       NaN     NaN       NaN     NaN    2.1255  0.8500    4.1184  3.8218
 9410      NaN     NaN       NaN     NaN       NaN     NaN    2.1248  0.8496    4.1195  3.8222
 9420      NaN     NaN       NaN     NaN       NaN     NaN    2.1252  0.8504    4.1201  3.8227
 9430      NaN     NaN       NaN     NaN       NaN     NaN    2.1247  0.8503    4.1214  3.8227
 9440      NaN     NaN       NaN     NaN       NaN     NaN    2.1248  0.8500    4.1224  3.8234
 9450      NaN     NaN       NaN     NaN       NaN     NaN    2.1254  0.8495    4.1231  3.8238
 9460      NaN     NaN       NaN     NaN       NaN     NaN    2.1254  0.8500    4.1239  3.8235
 9470      NaN     NaN       NaN     NaN       NaN     NaN    2.1246  0.8498    4.1245  3.8239
 9480      NaN     NaN       NaN     NaN       NaN     NaN    2.1251  0.8497    4.1251  3.8243
 9490      NaN     NaN       NaN     NaN       NaN     NaN    2.1249  0.8503    4.1261  3.8243
 9500      NaN     NaN       NaN     NaN       NaN     NaN    2.1248  0.8503    4.1274  3.8245
 9510      NaN     NaN       NaN     NaN       NaN     NaN    2.1246  0.8502    4.1284  3.8247
 9520      NaN     NaN       NaN     NaN       NaN     NaN    2.1247  0.8501    4.1289  3.8249
 9530      NaN     NaN       NaN     NaN       NaN     NaN    2.1246  0.8499    4.1296  3.8251
 9540      NaN     NaN       NaN     NaN       NaN     NaN    2.1251  0.8499    4.1306  3.8256
 9550      NaN     NaN       NaN     NaN       NaN     NaN    2.1252  0.8501    4.1311  3.8253
 9560      NaN     NaN       NaN     NaN       NaN     NaN    2.1247  0.8498    4.1322  3.8253
 9570      NaN     NaN       NaN     NaN       NaN     NaN    2.1249  0.8497    4.1331  3.8257
 9580      NaN     NaN       NaN     NaN       NaN     NaN    2.1250  0.8496    4.1333  3.8263
 9590      NaN     NaN       NaN     NaN       NaN     NaN    2.1247  0.8502    4.1342  3.8260
 9600      NaN     NaN       NaN     NaN       NaN     NaN    2.1251  0.8504    4.1350  3.8261
 9610      NaN     NaN       NaN     NaN       NaN     NaN    2.1251  0.8496    4.1366  3.8258
 9620      NaN     NaN       NaN     NaN       NaN     NaN    2.1247  0.8496    4.1366  3.8261
 9630      NaN     NaN       NaN     NaN       NaN     NaN    2.1249  0.8500    4.1382  3.8262
 9640      NaN     NaN       NaN     NaN       NaN     NaN    2.1253  0.8500    4.1388  3.8269
 9650      NaN     NaN       NaN     NaN       NaN     NaN    2.1248  0.8501    4.1396  3.8268
 9660      NaN     NaN       NaN     NaN       NaN     NaN    2.1249  0.8503    4.1403  3.8262
 9670      NaN     NaN       NaN     NaN       NaN     NaN    2.1249  0.8498    4.1412  3.8270
 9680      NaN     NaN       NaN     NaN       NaN     NaN    2.1247  0.8503    4.1414  3.8266
 9690      NaN     NaN       NaN     NaN       NaN     NaN    2.1254  0.8495    4.1428  3.8264
 9700      NaN     NaN       NaN     NaN       NaN     NaN    2.1248  0.8500    4.1434  3.8264
 9710      NaN     NaN       NaN     NaN       NaN     NaN    2.1251  0.8502    4.1440  3.8268
 9720      NaN     NaN       NaN     NaN       NaN     NaN    2.1246  0.8497    4.1447  3.8269
 9730      NaN     NaN       NaN     NaN       NaN     NaN    2.1249  0.8505    4.1454  3.8272
 9740      NaN     NaN       NaN     NaN       NaN     NaN    2.1247  0.8499    4.1461  3.8273
 9750      NaN     NaN       NaN     NaN       NaN     NaN    2.1251  0.8499    4.1475  3.8266
 9760      NaN     NaN       NaN     NaN       NaN     NaN    2.1251  0.8496    4.1482  3.8272
 9770      NaN     NaN       NaN     NaN       NaN     NaN    2.1254  0.8497    4.1485  3.8275
 9780      NaN     NaN       NaN     NaN       NaN     NaN    2.1255  0.8500    4.1489  3.8268
 9790      NaN     NaN       NaN     NaN       NaN     NaN    2.1247  0.8500    4.1504  3.8268
 9800      NaN     NaN       NaN     NaN       NaN     NaN    2.1252  0.8498    4.1506  3.8274
 9810      NaN     NaN       NaN     NaN       NaN     NaN    2.1247  0.8496    4.1520  3.8268
 9820      NaN     NaN       NaN     NaN       NaN     NaN    2.1246  0.8501    4.1522  3.8268
 9830      NaN     NaN       NaN     NaN       NaN     NaN    2.1253  0.8503    4.1531  3.8270
 9840      NaN     NaN       NaN     NaN       NaN     NaN    2.1245  0.8503    4.1540  3.8267
 9850      NaN     NaN       NaN     NaN       NaN     NaN    2.1245  0.8503    4.1540  3.8272
 9860      NaN     NaN       NaN     NaN       NaN     NaN    2.1246  0.8495    4.1549  3.8272
 9870      NaN     NaN       NaN     NaN       NaN     NaN    2.1252  0.8503    4.1563  3.8263
 9880      NaN     NaN       NaN     NaN       NaN     NaN    2.1245  0.8500    4.1565  3.8266
 9890      NaN     NaN       NaN     NaN       NaN     NaN    2.1250  0.8497    4.1574  3.8269
 9900      NaN     NaN       NaN     NaN       NaN     NaN    2.1245  0.8504    4.1579  3.8261
 9910      NaN     NaN       NaN     NaN       NaN     NaN    2.1251  0.8504    4.1585  3.8262
 9920      NaN     NaN       NaN     NaN       NaN     NaN    2.1248  0.8502    4.1594  3.8260
 9930      NaN     NaN       NaN     NaN       NaN     NaN    2.1249  0.8504    4.1600  3.8257
 9940      NaN     NaN       NaN     NaN       NaN     NaN    2.1249  0.8498    4.1607  3.8260
 9950      NaN     NaN       NaN     NaN       NaN     NaN    2.1247  0.8505    4.1620  3.8257
 9960      NaN     NaN       NaN     NaN       NaN     NaN    2.1248  0.8504    4.1623  3.8260
 9970      NaN     NaN       NaN     NaN       NaN     NaN    2.1250  0.8502    4.1631  3.8250
 9980      NaN     NaN       NaN     NaN       NaN     NaN    2.1248  0.8498    4.1637  3.8257
 9990      NaN     NaN       NaN     NaN       NaN     NaN    2.1255  0.8497    4.1644  3.8250
10000      NaN     NaN       NaN     NaN       NaN     NaN    2.1254  0.8495    4.1650  3.8247
