# Experimental sample (obstacle trajectories) - time in milliseconds, distance in meters
# (NaN measurements indicate the corresponding object is outside the working space)
#   t | obj1_x  obj1_y  | obj2_x  obj2_y  | obj3_x  obj3_y  | obj4_x  obj4_y | robot_x robot_y
    0      NaN     NaN       NaN     NaN       NaN     NaN    2.1251  0.8497    0.8498 -0.0002
   10      NaN     NaN       NaN     NaN       NaN     NaN    2.1246  0.8498    0.8542  0.0087
   20      NaN     NaN       NaN     NaN       NaN     NaN    2.1248  0.8499    0.8575  0.0183
   30      NaN     NaN       NaN     NaN       NaN     NaN    2.1246  0.8501    0.8619  0.0267
   40      NaN     NaN       NaN     NaN       NaN     NaN    2.1249  0.8502    0.8654  0.0361
   50      NaN     NaN       NaN     NaN       NaN     NaN    2.1251  0.8504    0.8688  0.0441
   60      NaN     NaN       NaN     NaN       NaN     NaN    2.1251  0.8498    0.8725  0.0532
   70      NaN     NaN       NaN     NaN       NaN     NaN    2.1252  0.8501    0.8770  0.0626
   80      NaN     NaN       NaN     NaN       NaN     NaN    2.1245  0.8496    0.8805  0.0714
   90      NaN     NaN       NaN     NaN       NaN     NaN    2.1252  0.8498    0.8839  0.0797
  100      NaN     NaN       NaN     NaN       NaN     NaN    2.1252  0.8504    0.8881  0.0892
  110      NaN     NaN       NaN     NaN       NaN     NaN    2.1249  0.8502    0.8913  0.0977
  120      NaN     NaN       NaN     NaN       NaN     NaN    2.1250  0.8502    0.8957  0.1061
  130      NaN     NaN       NaN     NaN       NaN     NaN    2.1250  0.8505    0.8993  0.1156
  140      NaN     NaN       NaN     NaN       NaN     NaN    2.1245  0.8504    0.9029  0.1242
  150      NaN     NaN       NaN     NaN       NaN     NaN    2.1245  0.8499    0.9069  0.1331
  160      NaN     NaN       NaN     NaN       NaN     NaN    2.1253  0.8499    0.9105  0.1422
  170      NaN     NaN       NaN     NaN       NaN     NaN    2.1254  0.8501    0.9134  0.1507
  180      NaN     NaN       NaN     NaN       NaN     NaN    2.1252  0.8502    0.9179  0.1588
  190      NaN     NaN       NaN     NaN       NaN     NaN    2.1245  0.8498    0.9212  0.1685
  200      NaN     NaN       NaN     NaN       NaN     NaN    2.1248  0.8503    0.9247  0.1764
  210      NaN     NaN       NaN     NaN       NaN     NaN    2.1249  0.8498    0.9288  0.1860
  220      NaN     NaN       NaN     NaN       NaN     NaN    2.1252  0.8498    0.9324  0.1940
  230      NaN     NaN       NaN     NaN       NaN     NaN    2.1255  0.8502    0.9358  0.2031
  240      NaN     NaN       NaN     NaN       NaN     NaN    2.1250  0.8498    0.9392  0.2115
  250      NaN     NaN       NaN     NaN       NaN     NaN    2.1250  0.8503    0.9428  0.2202
  260      NaN     NaN       NaN     NaN       NaN     NaN    2.1248  0.8502    0.9461  0.2289
  270      NaN     NaN       NaN     NaN       NaN     NaN    2.1249  0.8505    0.9505  0.2377
  280      NaN     NaN       NaN     NaN       NaN     NaN    2.1248  0.8504    0.9542  0.2464
  290      NaN     NaN       NaN     NaN       NaN     NaN    2.1246  0.8501    0.9570  0.2557
  300      NaN     NaN       NaN     NaN       NaN     NaN    2.1253  0.8498    0.9606  0.2638
  310      NaN     NaN       NaN     NaN       NaN     NaN    2.1252  0.8498    0.9642  0.2727
  320      NaN     NaN       NaN     NaN       NaN     NaN    2.1251  0.8497    0.9681  0.2817
  330      NaN     NaN       NaN     NaN       NaN     NaN    2.1252  0.8503    0.9716  0.2898
  340      NaN     NaN       NaN     NaN       NaN     NaN    2.1254  0.8497    0.9752  0.2984
  350      NaN     NaN       NaN     NaN       NaN     NaN    2.1255  0.8501    0.9787  0.3074
  360      NaN     NaN       NaN     NaN       NaN     NaN    2.1255  0.8501    0.9824  0.3161
  370      NaN     NaN       NaN     NaN       NaN     NaN    2.1246  0.8504    0.9860  0.3241
  380      NaN     NaN       NaN     NaN       NaN     NaN    2.1249  0.8497    0.9888  0.3332
  390      NaN     NaN       NaN     NaN       NaN     NaN    2.1250  0.8496    0.9932  0.3420
  400      NaN     NaN       NaN     NaN       NaN     NaN    2.1249  0.8496    0.9966  0.3498
  410      NaN     NaN       NaN     NaN       NaN     NaN    2.1249  0.8502    1.0001  0.3588
  420      NaN     NaN       NaN     NaN       NaN     NaN    2.1254  0.8499    1.0032  0.3675
  430      NaN     NaN       NaN     NaN       NaN     NaN    2.1252  0.8496    1.0065  0.3759
  440      NaN     NaN       NaN     NaN       NaN     NaN    2.1250  0.8497    1.0102  0.3843
  450      NaN     NaN       NaN     NaN       NaN     NaN    2.1254  0.8503    1.0134  0.3935
  460      NaN     NaN       NaN     NaN       NaN     NaN    2.1251  0.8498    1.0173  0.4015
  470      NaN     NaN       NaN     NaN       NaN     NaN    2.1248  0.8499    1.0205  0.4105
  480      NaN     NaN       NaN     NaN       NaN     NaN    2.1252  0.8498    1.0235  0.4186
  490      NaN     NaN       NaN     NaN       NaN     NaN    2.1246  0.8504    1.0273  0.4267
  500      NaN     NaN       NaN     NaN       NaN     NaN    2.1254  0.8499    1.0308  0.4356
  510      NaN     NaN       NaN     NaN       NaN     NaN    2.1253  0.8499    1.0341  0.4437
  520      NaN     NaN       NaN     NaN       NaN     NaN    2.1251  0.8498    1.0378  0.4530
  530      NaN     NaN       NaN     NaN       NaN     NaN    2.1253  0.8498    1.0408  0.4611
  540      NaN     NaN       NaN     NaN       NaN     NaN    2.1252  0.8501    1.0438  0.4696
  550      NaN     NaN       NaN     NaN       NaN     NaN    2.1251  0.8504    1.0474  0.4782
  560      NaN     NaN       NaN     NaN       NaN     NaN    2.1247  0.8504    1.0508  0.4868
  570      NaN     NaN       NaN     NaN       NaN     NaN    2.1251  0.8499    1.0543  0.4945
  580      NaN     NaN       NaN     NaN       NaN     NaN    2.1255  0.8502    1.0574  0.5035
  590      NaN     NaN       NaN     NaN       NaN     NaN    2.1245  0.8496    1.0609  0.5114
  600      NaN     NaN       NaN     NaN       NaN     NaN    2.1248  0.8504    1.0645  0.5205
  610      NaN     NaN       NaN     NaN       NaN     NaN    2.1254  0.8497    1.0674  0.5287
  620      NaN     NaN       NaN     NaN       NaN     NaN    2.1248  0.8498    1.0707  0.5370
  630      NaN     NaN       NaN     NaN       NaN     NaN    2.1248  0.8503    1.0739  0.5453
  640      NaN     NaN       NaN     NaN       NaN     NaN    2.1253  0.8503    1.0770  0.5540
  650      NaN     NaN       NaN     NaN       NaN     NaN    2.1250  0.8503    1.0811  0.5626
  660      NaN     NaN       NaN     NaN       NaN     NaN    2.1246  0.8503    1.0840  0.5700
  670      NaN     NaN       NaN     NaN       NaN     NaN    2.1249  0.8502    1.0875  0.5790
  680      NaN     NaN       NaN     NaN       NaN     NaN    2.1253  0.8496    1.0907  0.5869
  690      NaN     NaN       NaN     NaN       NaN     NaN    2.1254  0.8505    1.0939  0.5958
  700      NaN     NaN       NaN     NaN       NaN     NaN    2.1252  0.8497    1.0974  0.6044
  710      NaN     NaN       NaN     NaN       NaN     NaN    2.1253  0.8499    1.1004  0.6125
  720      NaN     NaN       NaN     NaN       NaN     NaN    2.1246  0.8501    1.1032  0.6207
  730      NaN     NaN       NaN     NaN       NaN     NaN    2.1248  0.8500    1.1067  0.6289
  740      NaN     NaN       NaN     NaN       NaN     NaN    2.1251  0.8502    1.1099  0.6372
  750      NaN     NaN       NaN     NaN       NaN     NaN    2.1250  0.8504    1.1133  0.6452
  760      NaN     NaN       NaN     NaN       NaN     NaN    2.1245  0.8501    1.1163  0.6536
  770      NaN     NaN       NaN     NaN       NaN     NaN    2.1249  0.8500    1.1190  0.6615
  780      NaN     NaN       NaN     NaN       NaN     NaN    2.1255  0.8499    1.1220  0.6701
  790      NaN     NaN       NaN     NaN       NaN     NaN    2.1248  0.8502    1.1257  0.6789
  800      NaN     NaN       NaN     NaN       NaN     NaN    2.1250  0.8503    1.1288  0.6864
  810      NaN     NaN       NaN     NaN       NaN     NaN    2.1246  0.8501    1.1314  0.6953
  820      NaN     NaN       NaN     NaN       NaN     NaN    2.1252  0.8502    1.1355  0.7036
  830      NaN     NaN       NaN     NaN       NaN     NaN    2.1249  0.8498    1.1377  0.7113
  840      NaN     NaN       NaN     NaN       NaN     NaN    2.1246  0.8498    1.1414  0.7193
  850      NaN     NaN       NaN     NaN       NaN     NaN    2.1245  0.8496    1.1447  0.7279
  860      NaN     NaN       NaN     NaN       NaN     NaN    2.1254  0.8497    1.1478  0.7361
  870      NaN     NaN       NaN     NaN       NaN     NaN    2.1248  0.8498    1.1505  0.7447
  880      NaN     NaN       NaN     NaN       NaN     NaN    2.1248  0.8501    1.1533  0.7529
  890      NaN     NaN       NaN     NaN       NaN     NaN    2.1248  0.8496    1.1563  0.7604
  900      NaN     NaN       NaN     NaN       NaN     NaN    2.1253  0.8498    1.1601  0.7687
  910      NaN     NaN       NaN     NaN       NaN     NaN    2.1253  0.8504    1.1630  0.7766
  920      NaN     NaN       NaN     NaN       NaN     NaN    2.1248  0.8500    1.1659  0.7849
  930      NaN     NaN       NaN     NaN       NaN     NaN    2.1255  0.8501    1.1686  0.7929
  940      NaN     NaN       NaN     NaN       NaN     NaN    2.1255  0.8501    1.1721  0.8017
  950      NaN     NaN       NaN     NaN       NaN     NaN    2.1251  0.8502    1.1752  0.8094
  960      NaN     NaN       NaN     NaN       NaN     NaN    2.1250  0.8500    1.1782  0.8180
  970      NaN     NaN       NaN     NaN       NaN     NaN    2.1248  0.8501    1.1815  0.8253
  980      NaN     NaN       NaN     NaN       NaN     NaN    2.1251  0.8498    1.1835  0.8338
  990      NaN     NaN       NaN     NaN       NaN     NaN    2.1254  0.8503    1.1873  0.8422
 1000      NaN     NaN       NaN     NaN       NaN     NaN    2.1251  0.8496    1.1897  0.8499
 1010      NaN     NaN       NaN     NaN       NaN     NaN    2.1250  0.8495    1.1933  0.8578
 1020      NaN     NaN       NaN     NaN       NaN     NaN    2.1248  0.8499    1.1961  0.8666
 1030      NaN     NaN       NaN     NaN       NaN     NaN    2.1250  0.8501    1.1983  0.8743
 1040      NaN     NaN       NaN     NaN       NaN     NaN    2.1249  0.8504    1.2016  0.8825
 1050      NaN     NaN       NaN     NaN       NaN     NaN    2.1254  0.8501    1.2037  0.8903
 1060      NaN     NaN       NaN     NaN       NaN     NaN    2.1253  0.8496    1.2066  0.8988
 1070      NaN     NaN       NaN     NaN       NaN     NaN    2.1246  0.8499    1.2089  0.9076
 1080      NaN     NaN       NaN     NaN       NaN     NaN    2.1255  0.8500    1.2120  0.9155
 1090      NaN     NaN       NaN     NaN       NaN     NaN    2.1246  0.8503    1.2138  0.9239
 1100      NaN     NaN       NaN     NaN       NaN     NaN    2.1254  0.8499    1.2158  0.9322
 1110      NaN     NaN       NaN     NaN       NaN     NaN    2.1246  0.8503    1.2182  0.9404
 1120      NaN     NaN       NaN     NaN       NaN     NaN    2.1254  0.8503    1.2206  0.9483
 1130      NaN     NaN       NaN     NaN       NaN     NaN    2.1253  0.8503    1.2226  0.9566
 1140      NaN     NaN       NaN     NaN       NaN     NaN    2.1245  0.8501    1.2247  0.9648
 1150      NaN     NaN       NaN     NaN       NaN     NaN    2.1252  0.8503    1.2268  0.9733
 1160      NaN     NaN       NaN     NaN       NaN     NaN    2.1255  0.8497    1.2290  0.9821
 1170      NaN     NaN       NaN     NaN       NaN     NaN    2.1249  0.8498    1.2316  0.9905
 1180      NaN     NaN       NaN     NaN       NaN     NaN    2.1248  0.8499    1.2329  0.9984
 1190      NaN     NaN       NaN     NaN       NaN     NaN    2.1254  0.8496    1.2352  1.0070
 1200      NaN     NaN       NaN     NaN       NaN     NaN    2.1246  0.8495    1.2371  1.0154
 1210      NaN     NaN       NaN     NaN       NaN     NaN    2.1252  0.8501    1.2390  1.0233
 1220      NaN     NaN       NaN     NaN       NaN     NaN    2.1246  0.8496    1.2404  1.0321
 1230      NaN     NaN       NaN     NaN       NaN     NaN    2.1248  0.8503    1.2427  1.0408
 1240      NaN     NaN       NaN     NaN       NaN     NaN    2.1250  0.8496    1.2439  1.0493
 1250      NaN     NaN       NaN     NaN       NaN     NaN    2.1252  0.8498    1.2462  1.0574
 1260      NaN     NaN       NaN     NaN       NaN     NaN    2.1254  0.8503    1.2471  1.0659
 1270      NaN     NaN       NaN     NaN       NaN     NaN    2.1245  0.8501    1.2486  1.0741
 1280      NaN     NaN       NaN     NaN       NaN     NaN    2.1251  0.8504    1.2509  1.0821
 1290      NaN     NaN       NaN     NaN       NaN     NaN    2.1254  0.8499    1.2520  1.0907
 1300   3.3105  0.5265       NaN     NaN       NaN     NaN    2.1245  0.8498    1.2538  1.0995
 1310   3.3071  0.5435       NaN     NaN       NaN     NaN    2.1253  0.8498    1.2556  1.1076
 1320   3.3026  0.5600       NaN     NaN       NaN     NaN    2.1252  0.8501    1.2567  1.1158
 1330   3.2978  0.5769       NaN     NaN       NaN     NaN    2.1248  0.8499    1.2592  1.1241
 1340   3.2940  0.5938       NaN     NaN       NaN     NaN    2.1251  0.8501    1.2602  1.1322
 1350   3.2895  0.6103       NaN     NaN       NaN     NaN    2.1253  0.8498    1.2615  1.1410
 1360   3.2848  0.6265       NaN     NaN       NaN     NaN    2.1252  0.8504    1.2631  1.1494
 1370   3.2808  0.6431       NaN     NaN       NaN     NaN    2.1254  0.8496    1.2651  1.1574
 1380   3.2759  0.6602       NaN     NaN       NaN     NaN    2.1248  0.8501    1.2664  1.1658
 1390   3.2716  0.6769       NaN     NaN       NaN     NaN    2.1250  0.8502    1.2677  1.1740
 1400   3.2676  0.6931       NaN     NaN       NaN     NaN    2.1247  0.8499    1.2698  1.1824
 1410   3.2633  0.7092       NaN     NaN       NaN     NaN    2.1250  0.8502    1.2711  1.1904
 1420   3.2581  0.7262       NaN     NaN       NaN     NaN    2.1246  0.8498    1.2724  1.1990
 1430   3.2540  0.7427       NaN     NaN       NaN     NaN    2.1245  0.8499    1.2747  1.2069
 1440   3.2497  0.7584       NaN     NaN       NaN     NaN    2.1253  0.8500    1.2760  1.2153
 1450   3.2452  0.7755       NaN     NaN       NaN     NaN    2.1249  0.8501    1.2773  1.2235
 1460   3.2406  0.7918       NaN     NaN       NaN     NaN    2.1251  0.8502    1.2795  1.2315
 1470   3.2355  0.8077       NaN     NaN       NaN     NaN    2.1253  0.8497    1.2806  1.2402
 1480   3.2311  0.8240       NaN     NaN       NaN     NaN    2.1250  0.8496    1.2820  1.2483
 1490   3.2265  0.8401       NaN     NaN       NaN     NaN    2.1246  0.8499    1.2836  1.2567
 1500   3.2216  0.8564       NaN     NaN       NaN     NaN    2.1247  0.8504    1.2853  1.2648
 1510   3.2169  0.8727       NaN     NaN       NaN     NaN    2.1246  0.8503    1.2871  1.2721
 1520   3.2126  0.8885       NaN     NaN       NaN     NaN    2.1251  0.8503    1.2888  1.2803
 1530   3.2070  0.9041       NaN     NaN       NaN     NaN    2.1251  0.8499    1.2906  1.2881
 1540   3.2023  0.9207       NaN     NaN       NaN     NaN    2.1245  0.8504    1.2928  1.2964
 1550   3.1977  0.9368       NaN     NaN       NaN     NaN    2.1254  0.8502    1.2942  1.3045
 1560   3.1927  0.9527       NaN     NaN       NaN     NaN    2.1251  0.8498    1.2959  1.3123
 1570   3.1882  0.9685       NaN     NaN       NaN     NaN    2.1254  0.8497    1.2985  1.3206
 1580   3.1837  0.9840       NaN     NaN       NaN     NaN    2.1249  0.8496    1.2999  1.3285
 1590   3.1787  0.9995       NaN     NaN       NaN     NaN    2.1246  0.8500    1.3027  1.3355
 1600   3.1738  1.0159       NaN     NaN       NaN     NaN    2.1248  0.8503    1.3045  1.3436
 1610   3.1688  1.0318       NaN     NaN       NaN     NaN    2.1245  0.8496    1.3065  1.3518
 1620   3.1635  1.0472       NaN     NaN       NaN     NaN    2.1254  0.8505    1.3082  1.3594
 1630   3.1584  1.0630       NaN     NaN       NaN     NaN    2.1250  0.8500    1.3103  1.3665
 1640   3.1531  1.0779       NaN     NaN       NaN     NaN    2.1248  0.8497    1.3127  1.3743
 1650   3.1490  1.0945       NaN     NaN       NaN     NaN    2.1255  0.8498    1.3149  1.3823
 1660   3.1439  1.1093       NaN     NaN       NaN     NaN    2.1254  0.8505    1.3175  1.3897
 1670   3.1384  1.1249       NaN     NaN       NaN     NaN    2.1253  0.8497    1.3202  1.3974
 1680   3.1332  1.1409       NaN     NaN       NaN     NaN    2.1252  0.8498    1.3220  1.4047
 1690   3.1285  1.1558       NaN     NaN       NaN     NaN    2.1253  0.8496    1.3246  1.4119
 1700   3.1226  1.1717       NaN     NaN       NaN     NaN    2.1251  0.8497    1.3278  1.4199
 1710   3.1178  1.1865       NaN     NaN       NaN     NaN    2.1246  0.8499    1.3296  1.4264
 1720   3.1130  1.2022       NaN     NaN       NaN     NaN    2.1250  0.8497    1.3331  1.4337
 1730   3.1073  1.2175       NaN     NaN       NaN     NaN    2.1250  0.8497    1.3360  1.4414
 1740   3.1019  1.2326       NaN     NaN       NaN     NaN    2.1250  0.8503    1.3382  1.4481
 1750   3.0968  1.2481       NaN     NaN       NaN     NaN    2.1250  0.8503    1.3417  1.4556
 1760   3.0916  1.2630       NaN     NaN       NaN     NaN    2.1247  0.8496    1.3444  1.4625
 1770   3.0863  1.2788       NaN     NaN       NaN     NaN    2.1255  0.8501    1.3478  1.4697
 1780   3.0812  1.2933       NaN     NaN       NaN     NaN    2.1255  0.8502    1.3508  1.4765
 1790   3.0755  1.3091       NaN     NaN       NaN     NaN    2.1247  0.8504    1.3541  1.4835
 1800   3.0704  1.3240       NaN     NaN       NaN     NaN    2.1248  0.8499    1.3572  1.4907
 1810   3.0654  1.3391       NaN     NaN       NaN     NaN    2.1251  0.8504    1.3609  1.4972
 1820   3.0600  1.3534       NaN     NaN       NaN     NaN    2.1255  0.8500    1.3647  1.5042
 1830   3.0542  1.3682       NaN     NaN       NaN     NaN    2.1254  0.8500    1.3681  1.5106
 1840   3.0486  1.3838       NaN     NaN       NaN     NaN    2.1253  0.8504    1.3713  1.5175
 1850   3.0434  1.3987       NaN     NaN       NaN     NaN    2.1247  0.8502    1.3754  1.5246
 1860   3.0374  1.4136       NaN     NaN       NaN     NaN    2.1248  0.8504    1.3791  1.5305
 1870   3.0320  1.4278       NaN     NaN       NaN     NaN    2.1254  0.8495    1.3832  1.5375
 1880   3.0267  1.4430       NaN     NaN       NaN     NaN    2.1249  0.8499    1.3870  1.5438
 1890   3.0215  1.4579       NaN     NaN       NaN     NaN    2.1248  0.8502    1.3919  1.5495
 1900   3.0154  1.4723       NaN     NaN       NaN     NaN    2.1248  0.8500    1.3954  1.5565
 1910   3.0097  1.4871       NaN     NaN       NaN     NaN    2.1247  0.8500    1.3997  1.5619
 1920   3.0043  1.5017       NaN     NaN       NaN     NaN    2.1254  0.8502    1.4050  1.5680
 1930   2.9984  1.5162       NaN     NaN       NaN     NaN    2.1250  0.8502    1.4095  1.5748
 1940   2.9926  1.5311       NaN     NaN       NaN     NaN    2.1251  0.8499    1.4139  1.5808
 1950   2.9869  1.5449       NaN     NaN       NaN     NaN    2.1251  0.8498    1.4185  1.5868
 1960   2.9810  1.5594       NaN     NaN       NaN     NaN    2.1246  0.8504    1.4242  1.5923
 1970   2.9760  1.5746       NaN     NaN       NaN     NaN    2.1249  0.8496    1.4292  1.5979
 1980   2.9694  1.5881       NaN     NaN       NaN     NaN    2.1245  0.8503    1.4338  1.6037
 1990   2.9638  1.6034       NaN     NaN       NaN     NaN    2.1247  0.8501    1.4394  1.6095
 2000   2.9578  1.6176       NaN     NaN       NaN     NaN    2.1250  0.8500    1.4449  1.6152
 2010   2.9521  1.6318       NaN     NaN       NaN     NaN    2.1251  0.8501    1.4502  1.6202
 2020   2.9468  1.6458       NaN     NaN       NaN     NaN    2.1247  0.8502    1.4564  1.6255
 2030   2.9402  1.6598       NaN     NaN       NaN     NaN    2.1245  0.8503    1.4616  1.6314
 2040   2.9350  1.6747       NaN     NaN       NaN     NaN    2.1248  0.8502    1.4683  1.6364
 2050   2.9283  1.6889       NaN     NaN       NaN     NaN    2.1254  0.8498    1.4740  1.6412
 2060   2.9229  1.7029       NaN     NaN       NaN     NaN    2.1247  0.8498    1.4806  1.6456
 2070   2.9164  1.7163       NaN     NaN       NaN     NaN    2.1245  0.8496    1.4864  1.6500
 2080   2.9109  1.7307       NaN     NaN       NaN     NaN    2.1251  0.8504    1.4926  1.6556
 2090   2.9050  1.7445       NaN     NaN       NaN     NaN    2.1249  0.8502    1.4994  1.6600
 2100   2.8988  1.7585       NaN     NaN       NaN     NaN    2.1252  0.8500    1.5057  1.6639
 2110   2.8928  1.7726       NaN     NaN       NaN     NaN    2.1248  0.8505    1.5122  1.6682
 2120   2.8862  1.7865       NaN     NaN       NaN     NaN    2.1253  0.8500    1.5195  1.6719
 2130   2.8803  1.8000       NaN     NaN       NaN     NaN    2.1253  0.8503    1.5263  1.6764
 2140   2.8740  1.8144       NaN     NaN       NaN     NaN    2.1251  0.8495    1.5334  1.6807
 2150   2.8682  1.8284       NaN     NaN       NaN     NaN    2.1255  0.8501    1.5400  1.6838
 2160   2.8616  1.8413       NaN     NaN       NaN     NaN    2.1252  0.8501    1.5469  1.6880
 2170   2.8556  1.8558       NaN     NaN       NaN     NaN    2.1252  0.8497    1.5548  1.6916
 2180   2.8491  1.8694       NaN     NaN       NaN     NaN    2.1251  0.8504    1.5623  1.6950
 2190   2.8429  1.8831       NaN     NaN       NaN     NaN    2.1252  0.8501    1.5699  1.6987
 2200   2.8371  1.8965       NaN     NaN       NaN     NaN    2.1255  0.8501    1.5768  1.7022
 2210   2.8308  1.9095       NaN     NaN       NaN     NaN    2.1250  0.8498    1.5845  1.7054
 2220   2.8243  1.9235       NaN     NaN       NaN     NaN    2.1251  0.8497    1.5923  1.7084
 2230   2.8179  1.9367       NaN     NaN       NaN     NaN    2.1249  0.8499    1.5998  1.7120
 2240   2.8118  1.9501       NaN     NaN       NaN     NaN    2.1250  0.8505    1.6079  1.7154
 2250   2.8051  1.9639       NaN     NaN       NaN     NaN    2.1248  0.8499    1.6152  1.7181
 2260   2.7987  1.9772   -0.8475  2.2096       NaN     NaN    2.1248  0.8505    1.6238  1.7213
 2270   2.7918  1.9906   -0.8322  2.2093       NaN     NaN    2.1245  0.8500    1.6316  1.7241
 2280   2.7861  2.0044   -0.8181  2.2084       NaN     NaN    2.1249  0.8500    1.6401  1.7264
 2290   2.7790  2.0167   -0.8032  2.2080       NaN     NaN    2.1255  0.8495    1.6475  1.7298
 2300   2.7724  2.0306   -0.7879  2.2076       NaN     NaN    2.1253  0.8504    1.6559  1.7326
 2310   2.7659  2.0436   -0.7736  2.2070       NaN     NaN    2.1246  0.8500    1.6646  1.7352
 2320   2.7595  2.0572   -0.7592  2.2064       NaN     NaN    2.1248  0.8497    1.6730  1.7373
 2330   2.7527  2.0696   -0.7449  2.2057       NaN     NaN    2.1254  0.8499    1.6815  1.7399
 2340   2.7460  2.0832   -0.7303  2.2053       NaN     NaN    2.1252  0.8504    1.6898  1.7428
 2350   2.7401  2.0965   -0.7158  2.2053       NaN     NaN    2.1246  0.8504    1.6985  1.7447
 2360   2.7330  2.1095   -0.7019  2.2042       NaN     NaN    2.1252  0.8495    1.7074  1.7475
 2370   2.7268  2.1225   -0.6874  2.2042       NaN     NaN    2.1250  0.8501    1.7158  1.7502
 2380   2.7198  2.1351   -0.6735  2.2033       NaN     NaN    2.1251  0.8502    1.7246  1.7528
 2390   2.7132  2.1479   -0.6592  2.2030       NaN     NaN    2.1253  0.8500    1.7337  1.7550
 2400   2.7063  2.1612   -0.6452  2.2029       NaN     NaN    2.1245  0.8499    1.7419  1.7566
 2410   2.6994  2.1739   -0.6310  2.2023       NaN     NaN    2.1247  0.8501    1.7506  1.7594
 2420   2.6933  2.1862   -0.6166  2.2015       NaN     NaN    2.1253  0.8503    1.7602  1.7622
 2430   2.6860  2.1991   -0.6030  2.2014       NaN     NaN    2.1254  0.8496    1.7693  1.7640
 2440   2.6787  2.2117   -0.5890  2.2016       NaN     NaN    2.1252  0.8504    1.7778  1.7662
 2450   2.6722  2.2251   -0.5746  2.2009       NaN     NaN    2.1247  0.8498    1.7872  1.7681
 2460   2.6650  2.2380   -0.5608  2.2011       NaN     NaN    2.1247  0.8496    1.7958  1.7706
 2470   2.6584  2.2498   -0.5476  2.2005       NaN     NaN    2.1251  0.8502    1.8048  1.7731
 2480   2.6512  2.2629   -0.5333  2.2008       NaN     NaN    2.1248  0.8500    1.8146  1.7752
 2490   2.6448  2.2752   -0.5200  2.2003       NaN     NaN    2.1248  0.8495    1.8233  1.7770
 2500   2.6373  2.2874   -0.5067  2.2003       NaN     NaN    2.1251  0.8503    1.8324  1.7797
 2510   2.6304  2.3004   -0.4924  2.2000       NaN     NaN    2.1250  0.8498    1.8419  1.7822
 2520   2.6237  2.3125   -0.4790  2.1998       NaN     NaN    2.1253  0.8496    1.8517  1.7842
 2530   2.6164  2.3250   -0.4655  2.1992       NaN     NaN    2.1252  0.8496    1.8604  1.7866
 2540   2.6093  2.3370   -0.4527  2.1999       NaN     NaN    2.1246  0.8497    1.8697  1.7882
 2550   2.6025  2.3502   -0.4389  2.1992       NaN     NaN    2.1248  0.8500    1.8795  1.7908
 2560   2.5958  2.3625   -0.4254  2.1994       NaN     NaN    2.1246  0.8497    1.8892  1.7931
 2570   2.5881  2.3748   -0.4122  2.1997       NaN     NaN    2.1246  0.8503    1.8977  1.7952
 2580   2.5815  2.3871   -0.3996  2.1996       NaN     NaN    2.1254  0.8501    1.9076  1.7976
 2590   2.5742  2.3989   -0.3860  2.1995       NaN     NaN    2.1251  0.8500    1.9165  1.8001
 2600   2.5667  2.4106   -0.3727  2.1990       NaN     NaN    2.1250  0.8496    1.9262  1.8031
 2610   2.5598  2.4230   -0.3598  2.1996       NaN     NaN    2.1249  0.8495    1.9360  1.8053
 2620   2.5522  2.4348   -0.3468  2.1993       NaN     NaN    2.1252  0.8500    1.9454  1.8075
 2630   2.5449  2.4475   -0.3344  2.1999       NaN     NaN    2.1248  0.8502    1.9545  1.8096
 2640   2.5373  2.4588   -0.3207  2.1997       NaN     NaN    2.1252  0.8500    1.9639  1.8124
 2650   2.5299  2.4717   -0.3085  2.1995       NaN     NaN    2.1254  0.8502    1.9742  1.8152
 2660   2.5234  2.4831   -0.2959  2.2001       NaN     NaN    2.1245  0.8504    1.9834  1.8178
 2670   2.5158  2.4947   -0.2826  2.2002       NaN     NaN    2.1254  0.8497    1.9930  1.8209
 2680   2.5085  2.5072   -0.2696  2.2005       NaN     NaN    2.1245  0.8501    2.0023  1.8233
 2690   2.5012  2.5189   -0.2578  2.2003       NaN     NaN    2.1250  0.8502    2.0114  1.8259
 2700   2.4938  2.5307   -0.2445  2.2013       NaN     NaN    2.1250  0.8498    2.0217  1.8288
 2710   2.4863  2.5422   -0.2321  2.2014       NaN     NaN    2.1247  0.8502    2.0306  1.8320
 2720   2.4783  2.5543   -0.2195  2.2018       NaN     NaN    2.1247  0.8499    2.0403  1.8350
 2730   2.4709  2.5662   -0.2078  2.2021       NaN     NaN    2.1247  0.8499    2.0496  1.8381
 2740   2.4638  2.5778   -0.1951  2.2024       NaN     NaN    2.1248  0.8497    2.0594  1.8407
 2750   2.4559  2.5891   -0.1830  2.2021       NaN     NaN    2.1254  0.8503    2.0685  1.8438
 2760   2.4488  2.6002   -0.1708  2.2027       NaN     NaN    2.1251  0.8496    2.0775  1.8474
 2770   2.4410  2.6118   -0.1585  2.2031       NaN     NaN    2.1250  0.8504    2.0870  1.8503
 2780   2.4332  2.6239   -0.1463  2.2033       NaN     NaN    2.1252  0.8503    2.0967  1.8544
 2790   2.4257  2.6355   -0.1343  2.2037       NaN     NaN    2.1252  0.8499    2.1058  1.8579
 2800   2.4177  2.6461   -0.1220  2.2046       NaN     NaN    2.1246  0.8499    2.1152  1.8611
 2810   2.4100  2.6580   -0.1099  2.2048       NaN     NaN    2.1250  0.8500    2.1252  1.8650
 2820   2.4027  2.6689   -0.0975  2.2051       NaN     NaN    2.1250  0.8499    2.1340  1.8686
 2830   2.3948  2.6803   -0.0856  2.2056       NaN     NaN    2.1250  0.8504    2.1433  1.8726
 2840   2.3874  2.6919   -0.0738  2.2060       NaN     NaN    2.1245  0.8498    2.1530  1.8764
 2850   2.3790  2.7036   -0.0617  2.2064       NaN     NaN    2.1245  0.8497    2.1615  1.8804
 2860   2.3714  2.7141   -0.0505  2.2071       NaN     NaN    2.1247  0.8501    2.1714  1.8842
 2870   2.3632  2.7256   -0.0391  2.2083       NaN     NaN    2.1247  0.8499    2.1804  1.8891
 2880   2.3562  2.7368   -0.0271  2.2090       NaN     NaN    2.1247  0.8496    2.1897  1.8928
 2890   2.3480  2.7474   -0.0150  2.2091       NaN     NaN    2.1254  0.8498    2.1986  1.8974
 2900   2.3404  2.7586   -0.0041  2.2094       NaN     NaN    2.1246  0.8497    2.2071  1.9024
 2910   2.3319  2.7704    0.0081  2.2107       NaN     NaN    2.1247  0.8498    2.2165  1.9069
 2920   2.3243  2.7807    0.0193  2.2109       NaN     NaN    2.1253  0.8501    2.2256  1.9115
 2930   2.3161  2.7922    0.0305  2.2118       NaN     NaN    2.1252  0.8497    2.2340  1.9171
 2940   2.3082  2.8025    0.0426  2.2124       NaN     NaN    2.1254  0.8496    2.2431  1.9222
 2950   2.3002  2.8137    0.0540  2.2137       NaN     NaN    2.1253  0.8496    2.2514  1.9274
 2960   2.2918  2.8245    0.0648  2.2142       NaN     NaN    2.1248  0.8505    2.2606  1.9324
 2970   2.2837  2.8355    0.0766  2.2151       NaN     NaN    2.1251  0.8499    2.2692  1.9380
 2980   2.2751  2.8462    0.0871  2.2155       NaN     NaN    2.1246  0.8503    2.2775  1.9429
 2990   2.2671  2.8566    0.0990  2.2161       NaN     NaN    2.1252  0.8502    2.2862  1.9488
 3000   2.2587  2.8671    0.1098  2.2179       NaN     NaN    2.1255  0.8495    2.2946  1.9552
 3010   2.2495  2.8770    0.1216  2.2180       NaN     NaN    2.1248  0.8497    2.3030  1.9614
 3020   2.2417  2.8883    0.1319  2.2195       NaN     NaN    2.1254  0.8498    2.3124  1.9669
 3030   2.2326  2.8987    0.1432  2.2203       NaN     NaN    2.1252  0.8497    2.3209  1.9735
 3040   2.2240  2.9084    0.1542  2.2207       NaN     NaN    2.1250  0.8503    2.3293  1.9793
 3050   2.2157  2.9193    0.1656  2.2221       NaN     NaN    2.1246  0.8503    2.3374  1.9856
 3060   2.2073  2.9292    0.1764  2.2231       NaN     NaN    2.1245  0.8497    2.3457  1.9925
 3070   2.1987  2.9395    0.1878  2.2239       NaN     NaN    2.1246  0.8501    2.3550  1.9988
 3080   2.1890  2.9499    0.1985  2.2250       NaN     NaN    2.1250  0.8495    2.3633  2.0057
 3090   2.1811  2.9599    0.2095  2.2259       NaN     NaN    2.1249  0.8497    2.3717  2.0123
 3100   2.1721  2.9695    0.2205  2.2273       NaN     NaN    2.1245  0.8497    2.3799  2.0190
 3110   2.1624  2.9800    0.2315  2.2283       NaN     NaN    2.1245  0.8500    2.3885  2.0262
 3120   2.1541  2.9899    0.2428  2.2289       NaN     NaN    2.1252  0.8505    2.3970  2.0331
 3130   2.1449  2.9992    0.2536  2.2304       NaN     NaN    2.1249  0.8499    2.4052  2.0400
 3140   2.1357  3.0099    0.2649  2.2311       NaN     NaN    2.1254  0.8498    2.4141  2.0476
 3150   2.1268  3.0195    0.2753  2.2330       NaN     NaN    2.1250  0.8497    2.4225  2.0551
 3160   2.1172  3.0295    0.2860  2.2336       NaN     NaN    2.1248  0.8504    2.4308  2.0622
 3170   2.1084  3.0391    0.2967  2.2352       NaN     NaN    2.1247  0.8501    2.4396  2.0691
 3180   2.0997  3.0489    0.3080  2.2360       NaN     NaN    2.1250  0.8500    2.4485  2.0773
 3190   2.0896  3.0586    0.3181  2.2373       NaN     NaN    2.1246  0.8500    2.4565  2.0849
 3200   2.0802  3.0675    0.3294  2.2382       NaN     NaN    2.1246  0.8503    2.4654  2.0925
 3210   2.0715  3.0773    0.3397  2.2396       NaN     NaN    2.1251  0.8501    2.4737  2.1002
 3220   2.0619  3.0873    0.3503  2.2406       NaN     NaN    2.1253  0.8499    2.4819  2.1079
 3230   2.0524  3.0966    0.3615  2.2416       NaN     NaN    2.1253  0.8496    2.4905  2.1162
 3240   2.0436  3.1056    0.3719  2.2435       NaN     NaN    2.1251  0.8498    2.4990  2.1236
 3250   2.0335  3.1157    0.3822  2.2450       NaN     NaN    2.1249  0.8501    2.5072  2.1312
 3260   2.0240  3.1250    0.3931  2.2456       NaN     NaN    2.1247  0.8501    2.5164  2.1395
 3270   2.0145  3.1340    0.4037  2.2472       NaN     NaN    2.1253  0.8497    2.5249  2.1479
 3280   2.0051  3.1437    0.4141  2.2481       NaN     NaN    2.1250  0.8501    2.5327  2.1559
 3290   1.9959  3.1528    0.4245  2.2495       NaN     NaN    2.1255  0.8501    2.5418  2.1644
 3300   1.9857  3.1619    0.4352  2.2506       NaN     NaN    2.1251  0.8496    2.5498  2.1729
 3310   1.9758  3.1708    0.4459  2.2519       NaN     NaN    2.1253  0.8501    2.5589  2.1807
 3320   1.9664  3.1799    0.4563  2.2540       NaN     NaN    2.1245  0.8505    2.5666  2.1895
 3330   1.9565  3.1894    0.4668  2.2548       NaN     NaN    2.1249  0.8497    2.5751  2.1981
 3340   1.9470  3.1985    0.4776  2.2568       NaN     NaN    2.1250  0.8501    2.5842  2.2065
 3350   1.9369  3.2080    0.4878  2.2582       NaN     NaN    2.1253  0.8496    2.5928  2.2145
 3360   1.9274  3.2163    0.4981  2.2588       NaN     NaN    2.1254  0.8503    2.6012  2.2236
 3370   1.9178  3.2256    0.5084  2.2605       NaN     NaN    2.1248  0.8498    2.6093  2.2320
 3380   1.9080  3.2346    0.5193  2.2621       NaN     NaN    2.1252  0.8503    2.6182  2.2409
 3390   1.8982  3.2434    0.5292  2.2628       NaN     NaN    2.1247  0.8500    2.6265  2.2496
 3400   1.8876  3.2523    0.5401  2.2650       NaN     NaN    2.1253  0.8503    2.6354  2.2579
 3410   1.8776  3.2607    0.5498  2.2657       NaN     NaN    2.1246  0.8499    2.6437  2.2670
 3420   1.8682  3.2695    0.5607  2.2680       NaN     NaN    2.1255  0.8503    2.6519  2.2760
 3430   1.8578  3.2787    0.5705  2.2685       NaN     NaN    2.1246  0.8496    2.6601  2.2851
 3440   1.8482  3.2871    0.5809  2.2707       NaN     NaN    2.1251  0.8496    2.6691  2.2936
 3450   1.8379  3.2959    0.5915  2.2715       NaN     NaN    2.1249  0.8497    2.6771  2.3027
 3460   1.8274  3.3043    0.6021  2.2734       NaN     NaN    2.1255  0.8500    2.6863  2.3123
 3470   1.8180  3.3136    0.6122  2.2744       NaN     NaN    2.1248  0.8503    2.6946  2.3209
 3480   1.8079  3.3218    0.6219  2.2762       NaN     NaN    2.1250  0.8502    2.7027  2.3299
 3490   1.7971  3.3300    0.6331  2.2775       NaN     NaN    2.1254  0.8497    2.7114  2.3388
 3500   1.7874  3.3391    0.6425  2.2786       NaN     NaN    2.1251  0.8498    2.7199  2.3484
 3510   1.7775  3.3476    0.6536  2.2808       NaN     NaN    2.1248  0.8500    2.7286  2.3568
 3520   1.7667  3.3558    0.6637  2.2819       NaN     NaN    2.1250  0.8504    2.7375  2.3666
 3530   1.7567  3.3642    0.6741  2.2832       NaN     NaN    2.1255  0.8502    2.7454  2.3752
 3540   1.7470  3.3725    0.6839  2.2851       NaN     NaN    2.1246  0.8500    2.7541  2.3845
 3550   1.7363  3.3813    0.6941  2.2868       NaN     NaN    2.1247  0.8500    2.7626  2.3942
 3560   1.7260  3.3894    0.7041  2.2878       NaN     NaN    2.1254  0.8496    2.7712  2.4031
 3570   1.7162  3.3980    0.7144  2.2894       NaN     NaN    2.1252  0.8502    2.7791  2.4123
 3580   1.7052  3.4059    0.7248  2.2910       NaN     NaN    2.1248  0.8499    2.7876  2.4214
 3590   1.6958  3.4145    0.7356  2.2927       NaN     NaN    2.1252  0.8502    2.7960  2.4315
 3600   1.6850  3.4225    0.7456  2.2938       NaN     NaN    2.1252  0.8495    2.8050  2.4407
 3610   1.6746  3.4310    0.7555  2.2952       NaN     NaN    2.1248  0.8495    2.8131  2.4497
 3620   1.6646  3.4395    0.7656  2.2967       NaN     NaN    2.1247  0.8501    2.8215  2.4597
 3630   1.6545  3.4479    0.7756  2.2984       NaN     NaN    2.1248  0.8500    2.8309  2.4684
 3640   1.6441  3.4559    0.7864  2.3001       NaN     NaN    2.1251  0.8503    2.8393  2.4783
 3650   1.6334  3.4642    0.7969  2.3014       NaN     NaN    2.1252  0.8499    2.8475  2.4873
 3660   1.6229  3.4722    0.8063  2.3025       NaN     NaN    2.1250  0.8497    2.8563  2.4966
 3670   1.6126  3.4798    0.8169  2.3040       NaN     NaN    2.1250  0.8502    2.8642  2.5062
 3680   1.6023  3.4880    0.8269  2.3053       NaN     NaN    2.1250  0.8502    2.8735  2.5157
 3690   1.5923  3.4967    0.8377  2.3067       NaN     NaN    2.1247  0.8498    2.8819  2.5247
 3700   1.5819  3.5042    0.8476  2.3089       NaN     NaN    2.1245  0.8504    2.8896  2.5340
 3710   1.5709  3.5119    0.8577  2.3098       NaN     NaN    2.1245  0.8504    2.8989  2.5429
 3720   1.5608  3.5206    0.8680  2.3118       NaN     NaN    2.1250  0.8503    2.9071  2.5528
 3730   1.5501  3.5278    0.8785  2.3136       NaN     NaN    2.1245  0.8499    2.9154  2.5620
 3740   1.5397  3.5365    0.8880  2.3142       NaN     NaN    2.1255  0.8502    2.9243  2.5716
 3750   1.5297  3.5436    0.8988  2.3158       NaN     NaN    2.1251  0.8500    2.9329  2.5804
 3760   1.5186  3.5521    0.9090  2.3174       NaN     NaN    2.1252  0.8501    2.9405  2.5900
 3770   1.5086  3.5602    0.9188  2.3194       NaN     NaN    2.1253  0.8501    2.9492  2.5988
 3780   1.4979  3.5681    0.9290  2.3207       NaN     NaN    2.1249  0.8500    2.9584  2.6079
 3790   1.4879  3.5753    0.9400  2.3214       NaN     NaN    2.1249  0.8499    2.9668  2.6176
 3800   1.4774  3.5833    0.9494  2.3230       NaN     NaN    2.1249  0.8495    2.9752  2.6264
 3810   1.4666  3.5909    0.9597  2.3242       NaN     NaN    2.1247  0.8497    2.9833  2.6356
 3820   1.4564  3.5993    0.9703  2.3258       NaN     NaN    2.1248  0.8499    2.9920  2.6448
 3830   1.4457  3.6070    0.9803  2.3272       NaN     NaN    2.1255  0.8496    3.0008  2.6548
 3840   1.4358  3.6145    0.9913  2.3288       NaN     NaN    2.1246  0.8496    3.0086  2.6634
 3850   1.4257  3.6227    1.0010  2.3303       NaN     NaN    2.1251  0.8498    3.0172  2.6729
 3860   1.4147  3.6304    1.0112  2.3314       NaN     NaN    2.1247  0.8496    3.0263  2.6815
 3870   1.4040  3.6374    1.0214  2.3330       NaN     NaN    2.1247  0.8498    3.0343  2.6905
 3880   1.3941  3.6459    1.0317  2.3342       NaN     NaN    2.1248  0.8503    3.0428  2.6996
 3890   1.3832  3.6529    1.0421  2.3354       NaN     NaN    2.1249  0.8498    3.0516  2.7091
 3900   1.3730  3.6604    1.0523  2.3373       NaN     NaN    2.1254  0.8495    3.0600  2.7172
 3910   1.3633  3.6685    1.0626  2.3389       NaN     NaN    2.1253  0.8500    3.0681  2.7269
 3920   1.3523  3.6759    1.0737  2.3401       NaN     NaN    2.1248  0.8499    3.0770  2.7357
 3930   1.3427  3.6838    1.0838  2.3410       NaN     NaN    2.1246  0.8500    3.0856  2.7444
 3940   1.3318  3.6913    1.0935  2.3428       NaN     NaN    2.1245  0.8497    3.0943  2.7527
 3950   1.3215  3.6994    1.1045  2.3444       NaN     NaN    2.1252  0.8504    3.1020  2.7614
 3960   1.3115  3.7069    1.1146  2.3453       NaN     NaN    2.1252  0.8504    3.1115  2.7707
 3970   1.3006  3.7145    1.1246  2.3462       NaN     NaN    2.1254  0.8501    3.1195  2.7797
 3980   1.2902  3.7214    1.1350  2.3474       NaN     NaN    2.1246  0.8503    3.1276  2.7878
 3990   1.2802  3.7290    1.1456  2.3487       NaN     NaN    2.1245  0.8503    3.1368  2.7966
 4000   1.2699  3.7370    1.1560  2.3499       NaN     NaN    2.1246  0.8500    3.1454  2.8046
 4010   1.2596  3.7446    1.1666  2.3516       NaN     NaN    2.1247  0.8503    3.1539  2.8137
 4020   1.2497  3.7525    1.1772  2.3526       NaN     NaN    2.1251  0.8505    3.1626  2.8225
 4030   1.2391  3.7594    1.1877  2.3537       NaN     NaN    2.1252  0.8501    3.1715  2.8313
 4040   1.2292  3.7672    1.1977  2.3555       NaN     NaN    2.1249  0.8501    3.1803  2.8398
 4050   1.2192  3.7750    1.2088  2.3568       NaN     NaN    2.1251  0.8495    3.1891  2.8495
 4060   1.2082  3.7822    1.2196  2.3572       NaN     NaN    2.1250  0.8497    3.1988  2.8582
 4070   1.1985  3.7901    1.2297  2.3585       NaN     NaN    2.1246  0.8505    3.2079  2.8679
 4080   1.1881  3.7974    1.2406  2.3598       NaN     NaN    2.1246  0.8503    3.2167  2.8768
 4090   1.1785  3.8043    1.2513  2.3614       NaN     NaN    2.1250  0.8501    3.2263  2.8865
 4100   1.1684  3.8125    1.2616  2.3622       NaN     NaN    2.1250  0.8500    3.2363  2.8957
 4110   1.1580  3.8200    1.2723  2.3631       NaN     NaN    2.1251  0.8498    3.2456  2.9062
 4120   1.1482  3.8271    1.2825  2.3639       NaN     NaN    2.1252  0.8503    3.2555  2.9157
 4130   1.1373  3.8349    1.2932  2.3651       NaN     NaN    2.1246  0.8496    3.2652  2.9257
 4140   1.1279  3.8425    1.3043  2.3669       NaN     NaN    2.1250  0.8505    3.2751  2.9353
 4150   1.1173  3.8498    1.3149  2.3679       NaN     NaN    2.1252  0.8502    3.2854  2.9451
 4160   1.1072  3.8574    1.3254  2.3690       NaN     NaN    2.1252  0.8495    3.2957  2.9554
 4170   1.0975  3.8645    1.3361  2.3693       NaN     NaN    2.1251  0.8501    3.3057  2.9662
 4180   1.0878  3.8722    1.3471  2.3710       NaN     NaN    2.1250  0.8498    3.3161  2.9764
 4190   1.0777  3.8798    1.3576  2.3717       NaN     NaN    2.1250  0.8499    3.3267  2.9865
 4200   1.0683  3.8865    1.3686  2.3720       NaN     NaN    2.1248  0.8499    3.3366  2.9971
 4210   1.0581  3.8946    1.3798  2.3732       NaN     NaN    2.1250  0.8497    3.3476  3.0075
 4220   1.0483  3.9021    1.3900  2.3740       NaN     NaN    2.1245  0.8496    3.3582  3.0174
 4230   1.0387  3.9093    1.4010  2.3749       NaN     NaN    2.1248  0.8496    3.3685  3.0286
 4240   1.0283  3.9171    1.4120  2.3755       NaN     NaN    2.1250  0.8498    3.3784  3.0385
 4250   1.0187  3.9238    1.4233  2.3770       NaN     NaN    2.1246  0.8500    3.3899  3.0498
 4260   1.0091  3.9312    1.4337  2.3778       NaN     NaN    2.1251  0.8495    3.3999  3.0599
 4270   0.9992  3.9396    1.4444  2.3785       NaN     NaN    2.1247  0.8497    3.4105  3.0706
 4280   0.9898  3.9464    1.4555  2.3791       NaN     NaN    2.1252  0.8499    3.4214  3.0810
 4290   0.9800  3.9541    1.4665  2.3800       NaN     NaN    2.1254  0.8499    3.4318  3.0917
 4300   0.9704  3.9620    1.4781  2.3808       NaN     NaN    2.1252  0.8498    3.4424  3.1026
 4310   0.9614  3.9695    1.4891  2.3816       NaN     NaN    2.1247  0.8499    3.4539  3.1136
 4320   0.9512  3.9767    1.5005  2.3820       NaN     NaN    2.1245  0.8501    3.4639  3.1247
 4330   0.9420  3.9839    1.5112  2.3825       NaN     NaN    2.1252  0.8505    3.4747  3.1356
 4340   0.9328  3.9919    1.5219  2.3838       NaN     NaN    2.1249  0.8498    3.4863  3.1460
 4350   0.9227  3.9990    1.5340  2.3840       NaN     NaN    2.1249  0.8499    3.4969  3.1568
 4360   0.9136  4.0068    1.5452  2.3845       NaN     NaN    2.1248  0.8499    3.5078  3.1674
 4370   0.9038  4.0143    1.5556  2.3857       NaN     NaN    2.1252  0.8503    3.5181  3.1786
 4380   0.8949  4.0219    1.5673  2.3859       NaN     NaN    2.1246  0.8503    3.5294  3.1889
 4390   0.8859  4.0289    1.5785  2.3862       NaN     NaN    2.1250  0.8504    3.5400  3.1998
 4400   0.8767  4.0366    1.5897  2.3872       NaN     NaN    2.1251  0.8502    3.5498  3.2099
 4410   0.8670  4.0441    1.6012  2.3870       NaN     NaN    2.1254  0.8500    3.5606  3.2211
 4420   0.8575  4.0514    1.6129  2.3877       NaN     NaN    2.1248  0.8500    3.5717  3.2311
 4430   0.8493  4.0591    1.6242  2.3881       NaN     NaN    2.1247  0.8499    3.5825  3.2426
 4440   0.8401  4.0671    1.6358  2.3891       NaN     NaN    2.1247  0.8497    3.5928  3.2522
 4450   0.8307  4.0748    1.6469  2.3893       NaN     NaN    2.1247  0.8503    3.6032  3.2629
 4460   0.8218  4.0820    1.6591  2.3896       NaN     NaN    2.1250  0.8503    3.6135  3.2733
 4470   0.8126  4.0892    1.6702  2.3902       NaN     NaN    2.1254  0.8504    3.6240  3.2842
 4480   0.8037  4.0975    1.6814  2.3902       NaN     NaN    2.1252  0.8502    3.6343  3.2945
 4490   0.7952  4.1043    1.6936  2.3907       NaN     NaN    2.1251  0.8496    3.6448  3.3051
 4500   0.7864  4.1127    1.7054  2.3910       NaN     NaN    2.1247  0.8497    3.6546  3.3148
 4510   0.7774  4.1195    1.7165  2.3908       NaN     NaN    2.1253  0.8497    3.6654  3.3255
 4520   0.7687  4.1273    1.7284  2.3914       NaN     NaN    2.1249  0.8502    3.6754  3.3357
 4530   0.7595  4.1350    1.7401  2.3911       NaN     NaN    2.1245  0.8496    3.6855  3.3458
 4540   0.7507  4.1428    1.7520  2.3917       NaN     NaN    2.1252  0.8495    3.6956  3.3549
 4550   0.7426  4.1505    1.7643  2.3913       NaN     NaN    2.1247  0.8503    3.7049  3.3649
 4560   0.7345  4.1585    1.7757  2.3911       NaN     NaN    2.1246  0.8500    3.7144  3.3752
 4570   0.7258  4.1657    1.7884  2.3916       NaN     NaN    2.1249  0.8498    3.7249  3.3841
 4580   0.7169  4.1737    1.7996  2.3911       NaN     NaN    2.1249  0.8501    3.7345  3.3944
 4590   0.7091  4.1817    1.8117  2.3921       NaN     NaN    2.1249  0.8496    3.7434  3.4036
 4600   0.7002  4.1890    1.8244  2.3919       NaN     NaN    2.1253  0.8498    3.7526  3.4126
 4610   0.6916  4.1975    1.8363  2.3916       NaN     NaN    2.1247  0.8499    3.7625  3.4223
 4620   0.6839  4.2047    1.8486  2.3912       NaN     NaN    2.1253  0.8502    3.7710  3.4315
 4630   0.6754  4.2125    1.8608  2.3908       NaN     NaN    2.1249  0.8495    3.7808  3.4399
 4640   0.6677  4.2206    1.8728  2.3906       NaN     NaN    2.1246  0.8505    3.7897  3.4489
 4650   0.6589  4.2281    1.8848  2.3904       NaN     NaN    2.1253  0.8499    3.7977  3.4584
 4660   0.6513  4.2365    1.8970  2.3901       NaN     NaN    2.1246  0.8505    3.8062  3.4662
 4670   0.6437  4.2444    1.9095  2.3901       NaN     NaN    2.1247  0.8502    3.8154  3.4757
 4680   0.6353  4.2517    1.9225  2.3900       NaN     NaN    2.1254  0.8498    3.8233  3.4834
 4690   0.6280  4.2599    1.9348  2.3896       NaN     NaN    2.1249  0.8497    3.8322  3.4916
 4700   0.6205  4.2674    1.9467  2.3895       NaN     NaN    2.1251  0.8495    3.8401  3.5004
 4710   0.6128  4.2756    1.9596  2.3885       NaN     NaN    2.1246  0.8498    3.8477  3.5077
 4720   0.6048  4.2836    1.9721  2.3884       NaN     NaN    2.1252  0.8503    3.8557  3.5154
 4730   0.5977  4.2909    1.9846  2.3875       NaN     NaN    2.1249  0.8495    3.8630  3.5232
 4740   0.5911  4.2991    1.9976  2.3873       NaN     NaN    2.1253  0.8502    3.8707  3.5312
 4750   0.5839  4.3068    2.0099  2.3864       NaN     NaN    2.1246  0.8504    3.8781  3.5382
 4760   0.5773  4.3141    2.0224  2.3857       NaN     NaN    2.1252  0.8502    3.8853  3.5451
 4770   0.5707  4.3215    2.0357  2.3850       NaN     NaN    2.1255  0.8503    3.8918  3.5525
 4780   0.5642  4.3289    2.0481  2.3844       NaN     NaN    2.1246  0.8499    3.8992  3.5590
 4790   0.5575  4.3359    2.0615  2.3841       NaN     NaN    2.1246  0.8497    3.9057  3.5659
 4800   0.5517  4.3441    2.0739  2.3836       NaN     NaN    2.1247  0.8497    3.9119  3.5725
 4810   0.5456  4.3514    2.0878  2.3823       NaN     NaN    2.1253  0.8502    3.9187  3.5781
 4820   0.5392  4.3582    2.1008  2.3817       NaN     NaN    2.1250  0.8497    3.9248  3.5845
 4830   0.5334  4.3656    2.1140  2.3808       NaN     NaN    2.1251  0.8503    3.9306  3.5904
 4840   0.5276  4.3732    2.1264  2.3798       NaN     NaN    2.1254  0.8498    3.9359  3.5962
 4850   0.5226  4.3801    2.1402  2.3786       NaN     NaN    2.1251  0.8501    3.9415  3.6008
 4860   0.5173  4.3871    2.1529  2.3775       NaN     NaN    2.1252  0.8503    3.9468  3.6068
 4870   0.5116  4.3947    2.1667  2.3766       NaN     NaN    2.1248  0.8499    3.9512  3.6115
 4880   0.5069  4.4018    2.1806  2.3755       NaN     NaN    2.1253  0.8501    3.9565  3.6163
 4890   0.5022  4.4089    2.1941  2.3736       NaN     NaN    2.1248  0.8504    3.9606  3.6211
 4900   0.4974  4.4156    2.2082  2.3721       NaN     NaN    2.1249  0.8501    3.9648  3.6249
 4910   0.4919  4.4224    2.2216  2.3706       NaN     NaN    2.1251  0.8495    3.9693  3.6288
 4920   0.4877  4.4302    2.2363  2.3689       NaN     NaN    2.1249  0.8503    3.9730  3.6331
 4930   0.4839  4.4364    2.2498  2.3672       NaN     NaN    2.1255  0.8496    3.9767  3.6369
 4940   0.4794  4.4432    2.2648  2.3657       NaN     NaN    2.1249  0.8503    3.9803  3.6399
 4950   0.4747  4.4505    2.2788  2.3636       NaN     NaN    2.1254  0.8503    3.9830  3.6432
 4960   0.4715  4.4576    2.2929  2.3616       NaN     NaN    2.1255  0.8499    3.9864  3.6458
 4970   0.4672  4.4640    2.3081  2.3594       NaN     NaN    2.1250  0.8504    3.9890  3.6489
 4980   0.4634  4.4703    2.3219  2.3577       NaN     NaN    2.1251  0.8495    3.9906  3.6508
 4990   0.4606  4.4774    2.3365  2.3548       NaN     NaN    2.1247  0.8503    3.9937  3.6532
 5000   0.4571  4.4841    2.3520  2.3524       NaN     NaN    2.1246  0.8497    3.9946  3.6554
 5010   0.4539  4.4900    2.3668  2.3506       NaN     NaN    2.1253  0.8501    3.9972  3.6563
 5020   0.4507  4.4969    2.3818  2.3481       NaN     NaN    2.1245  0.8498    3.9980  3.6586
 5030   0.4474  4.5033    2.3970  2.3449       NaN     NaN    2.1246  0.8496    4.0001  3.6599
 5040   0.4452  4.5093    2.4121  2.3426       NaN     NaN    2.1251  0.8503    4.0015  3.6616
 5050   0.4418  4.5159    2.4271  2.3398       NaN     NaN    2.1251  0.8499    4.0032  3.6634
 5060   0.4402  4.5228    2.4431  2.3375       NaN     NaN    2.1247  0.8496    4.0056  3.6648
 5070   0.4373  4.5289    2.4581  2.3343       NaN     NaN    2.1248  0.8499    4.0071  3.6665
 5080   0.4354  4.5350    2.4742  2.3310       NaN     NaN    2.1254  0.8496    4.0085  3.6689
 5090   0.4331  4.5414    2.4899  2.3282       NaN     NaN    2.1246  0.8497    4.0104  3.6705
 5100   0.4306  4.5481    2.5055  2.3248       NaN     NaN    2.1248  0.8503    4.0114  3.6722
 5110   0.4298  4.5534    2.5212  2.3223       NaN     NaN    2.1245  0.8499    4.0137  3.6735
 5120   0.4280  4.5603    2.5374  2.3192       NaN     NaN    2.1249  0.8498    4.0153  3.6751
 5130   0.4258  4.5657    2.5523  2.3153       NaN     NaN    2.1252  0.8499    4.0164  3.6764
 5140   0.4244  4.5723    2.5690  2.3125       NaN     NaN    2.1254  0.8497    4.0180  3.6786
 5150   0.4234  4.5783    2.5852  2.3086       NaN     NaN    2.1251  0.8499    4.0200  3.6795
 5160   0.4220  4.5839    2.6009  2.3050       NaN     NaN    2.1249  0.8495    4.0217  3.6814
 5170   0.4219  4.5895    2.6169  2.3015       NaN     NaN    2.1249  0.8496    4.0230  3.6836
 5180   0.4211  4.5961    2.6337  2.2982       NaN     NaN    2.1253  0.8495    4.0249  3.6849
 5190   0.4202  4.6012    2.6503  2.2948       NaN     NaN    2.1252  0.8498    4.0260  3.6864
 5200   0.4196  4.6072    2.6662  2.2906       NaN     NaN    2.1247  0.8498    4.0283  3.6880
 5210   0.4188  4.6136    2.6829  2.2876       NaN     NaN    2.1254  0.8500    4.0290  3.6900
 5220   0.4190  4.6184    2.6990  2.2838       NaN     NaN    2.1246  0.8497    4.0316  3.6912
 5230   0.4187  4.6246    2.7160  2.2798       NaN     NaN    2.1250  0.8497    4.0328  3.6924
 5240   0.4187  4.6301    2.7321  2.2757       NaN     NaN    2.1246  0.8503    4.0338  3.6940
 5250   0.4194  4.6361    2.7494  2.2716       NaN     NaN    2.1249  0.8505    4.0353  3.6954
 5260   0.4200  4.6415    2.7662  2.2679       NaN     NaN    2.1253  0.8499    4.0376  3.6969
 5270   0.4200  4.6472    2.7825  2.2640       NaN     NaN    2.1248  0.8501    4.0391  3.6990
 5280   0.4206  4.6525    2.8001  2.2599       NaN     NaN    2.1248  0.8497    4.0402  3.7004
 5290   0.4216  4.6574    2.8169  2.2556       NaN     NaN    2.1247  0.8504    4.0416  3.7022
 5300   0.4222  4.6627    2.8339  2.2516       NaN     NaN    2.1250  0.8498    4.0433  3.7032
 5310   0.4232  4.6680    2.8502  2.2476       NaN     NaN    2.1249  0.8502    4.0452  3.7055
 5320   0.4244  4.6741    2.8673  2.2436       NaN     NaN    2.1248  0.8496    4.0468  3.7062
 5330   0.4255  4.6790    2.8849  2.2390       NaN     NaN    2.1249  0.8499    4.0481  3.7079
 5340   0.4280  4.6841    2.9023  2.2351       NaN     NaN    2.1250  0.8495    4.0492  3.7093
 5350   0.4296  4.6895    2.9191  2.2306       NaN     NaN    2.1250  0.8495    4.0507  3.7111
 5360      NaN     NaN    2.9364  2.2260       NaN     NaN    2.1248  0.8499    4.0523  3.7127
 5370      NaN     NaN    2.9534  2.2213       NaN     NaN    2.1246  0.8503    4.0540  3.7144
 5380      NaN     NaN    2.9704  2.2174       NaN     NaN    2.1248  0.8496    4.0554  3.7161
 5390      NaN     NaN    2.9883  2.2131       NaN     NaN    2.1254  0.8505    4.0568  3.7176
 5400      NaN     NaN    3.0054  2.2087       NaN     NaN    2.1245  0.8501    4.0585  3.7188
 5410      NaN     NaN    3.0229  2.2041       NaN     NaN    2.1249  0.8503    4.0601  3.7206
 5420      NaN     NaN    3.0406  2.1994       NaN     NaN    2.1254  0.8499    4.0614  3.7219
 5430      NaN     NaN    3.0582  2.1944       NaN     NaN    2.1253  0.8503    4.0635  3.7231
 5440      NaN     NaN    3.0756  2.1907       NaN     NaN    2.1251  0.8502    4.0645  3.7245
 5450      NaN     NaN    3.0928  2.1859       NaN     NaN    2.1248  0.8503    4.0663  3.7259
 5460      NaN     NaN    3.1101  2.1810       NaN     NaN    2.1252  0.8500    4.0675  3.7279
 5470      NaN     NaN    3.1281  2.1769       NaN     NaN    2.1251  0.8504    4.0690  3.7292
 5480      NaN     NaN    3.1458  2.1723       NaN     NaN    2.1253  0.8504    4.0703  3.7306
 5490      NaN     NaN    3.1629  2.1672       NaN     NaN    2.1251  0.8504    4.0718  3.7321
 5500      NaN     NaN    3.1804  2.1631       NaN     NaN    2.1252  0.8501    4.0728  3.7330
 5510      NaN     NaN    3.1977  2.1581       NaN     NaN    2.1255  0.8498    4.0747  3.7351
 5520      NaN     NaN    3.2153  2.1539       NaN     NaN    2.1250  0.8501    4.0763  3.7362
 5530      NaN     NaN    3.2334  2.1485       NaN     NaN    2.1247  0.8497    4.0772  3.7370
 5540      NaN     NaN    3.2509  2.1442       NaN     NaN    2.1249  0.8498    4.0786  3.7389
 5550      NaN     NaN    3.2681  2.1399       NaN     NaN    2.1254  0.8504    4.0807  3.7404
 5560      NaN     NaN    3.2867  2.1354       NaN     NaN    2.1247  0.8501    4.0813  3.7413
 5570      NaN     NaN    3.3041  2.1303       NaN     NaN    2.1255  0.8503    4.0835  3.7436
 5580      NaN     NaN    3.3217  2.1255       NaN     NaN    2.1249  0.8502    4.0846  3.7448
 5590      NaN     NaN    3.3390  2.1215       NaN     NaN    2.1254  0.8503    4.0860  3.7462
 5600      NaN     NaN    3.3568  2.1162       NaN     NaN    2.1253  0.8501    4.0877  3.7471
 5610      NaN     NaN    3.3745  2.1117       NaN     NaN    2.1255  0.8498    4.0886  3.7482
 5620      NaN     NaN    3.3921  2.1074       NaN     NaN    2.1253  0.8497    4.0901  3.7500
 5630      NaN     NaN    3.4102  2.1030       NaN     NaN    2.1254  0.8500    4.0911  3.7517
 5640      NaN     NaN    3.4273  2.0985       NaN     NaN    2.1247  0.8497    4.0927  3.7524
 5650      NaN     NaN    3.4449  2.0938       NaN     NaN    2.1250  0.8496    4.0940  3.7544
 5660      NaN     NaN    3.4630  2.0891       NaN     NaN    2.1245  0.8498    4.0949  3.7552
 5670      NaN     NaN    3.4807  2.0839       NaN     NaN    2.1249  0.8500    4.0966  3.7568
 5680      NaN     NaN    3.4984  2.0798       NaN     NaN    2.1251  0.8498    4.0976  3.7578
 5690      NaN     NaN    3.5159  2.0751       NaN     NaN    2.1247  0.8503    4.0991  3.7598
 5700      NaN     NaN    3.5330  2.0706       NaN     NaN    2.1245  0.8499    4.1007  3.7602
 5710      NaN     NaN    3.5503  2.0659       NaN     NaN    2.1247  0.8501    4.1022  3.7618
 5720      NaN     NaN    3.5684  2.0616       NaN     NaN    2.1252  0.8497    4.1037  3.7629
 5730      NaN     NaN    3.5853  2.0573       NaN     NaN    2.1252  0.8498    4.1048  3.7642
 5740      NaN     NaN    3.6031  2.0531       NaN     NaN    2.1253  0.8503    4.1059  3.7662
 5750      NaN     NaN    3.6205  2.0478       NaN     NaN    2.1253  0.8504    4.1072  3.7672
 5760      NaN     NaN    3.6385  2.0437       NaN     NaN    2.1246  0.8499    4.1087  3.7681
 5770      NaN     NaN    3.6553  2.0391       NaN     NaN    2.1253  0.8503    4.1102  3.7694
 5780      NaN     NaN    3.6733  2.0354       NaN     NaN    2.1245  0.8500    4.1114  3.7713
 5790      NaN     NaN    3.6898  2.0307       NaN     NaN    2.1250  0.8497    4.1127  3.7724
 5800      NaN     NaN    3.7071  2.0268       NaN     NaN    2.1255  0.8496    4.1137  3.7734
 5810      NaN     NaN    3.7247  2.0220    5.0970  3.8256    2.1254  0.8500    4.1148  3.7746
 5820      NaN     NaN    3.7421  2.0180    5.0873  3.8275    2.1246  0.8497    4.1158  3.7759
 5830      NaN     NaN    3.7591  2.0142    5.0783  3.8299    2.1251  0.8504    4.1173  3.7770
 5840      NaN     NaN    3.7770  2.0101    5.0695  3.8320    2.1254  0.8502    4.1183  3.7784
 5850      NaN     NaN    3.7941  2.0059    5.0602  3.8336    2.1249  0.8503    4.1199  3.7794
 5860      NaN     NaN    3.8111  2.0011    5.0509  3.8355    2.1250  0.8501    4.1210  3.7807
 5870      NaN     NaN    3.8280  1.9974    5.0414  3.8369    2.1252  0.8499    4.1226  3.7821
 5880      NaN     NaN    3.8447  1.9933    5.0319  3.8388    2.1251  0.8496    4.1232  3.7839
 5890      NaN     NaN    3.8621  1.9895    5.0231  3.8401    2.1252  0.8502    4.1243  3.7847
 5900      NaN     NaN    3.8787  1.9854    5.0130  3.8416    2.1247  0.8496    4.1256  3.7857
 5910      NaN     NaN    3.8960  1.9818    5.0040  3.8439    2.1254  0.8503    4.1276  3.7876
 5920      NaN     NaN    3.9128  1.9783    4.9945  3.8454    2.1253  0.8496    4.1282  3.7884
 5930      NaN     NaN    3.9289  1.9742    4.9851  3.8469    2.1246  0.8502    4.1294  3.7896
 5940      NaN     NaN    3.9460  1.9706    4.9749  3.8478    2.1248  0.8495    4.1312  3.7910
 5950      NaN     NaN    3.9628  1.9669    4.9657  3.8494    2.1248  0.8500    4.1319  3.7915
 5960      NaN     NaN    3.9790  1.9632    4.9563  3.8503    2.1250  0.8495    4.1336  3.7932
 5970      NaN     NaN    3.9963  1.9604    4.9465  3.8522    2.1245  0.8496    4.1344  3.7942
 5980      NaN     NaN    4.0124  1.9568    4.9363  3.8528    2.1249  0.8503    4.1357  3.7950
 5990      NaN     NaN    4.0287  1.9528    4.9274  3.8546    2.1254  0.8504    4.1370  3.7966
 6000      NaN     NaN    4.0453  1.9495    4.9176  3.8554    2.1252  0.8498    4.1378  3.7978
 6010      NaN     NaN    4.0618  1.9460    4.9074  3.8564    2.1251  0.8496    4.1386  3.7990
 6020      NaN     NaN    4.0772  1.9433    4.8977  3.8576    2.1252  0.8505    4.1405  3.7998
 6030      NaN     NaN    4.0937  1.9396    4.8877  3.8584    2.1246  0.8503    4.1412  3.8015
 6040      NaN     NaN    4.1104  1.9374    4.8775  3.8594    2.1245  0.8504    4.1427  3.8022
 6050      NaN     NaN    4.1262  1.9339    4.8679  3.8600    2.1246  0.8504    4.1439  3.8032
 6060      NaN     NaN    4.1419  1.9315    4.8580  3.8609    2.1249  0.8496    4.1447  3.8047
 6070      NaN     NaN    4.1575  1.9277    4.8475  3.8618    2.1252  0.8495    4.1461  3.8054
 6080      NaN     NaN    4.1740  1.9254    4.8375  3.8622    2.1246  0.8504    4.1468  3.8070
 6090      NaN     NaN    4.1892  1.9221    4.8278  3.8627    2.1246  0.8501    4.1476  3.8084
 6100      NaN     NaN    4.2047  1.9203    4.8179  3.8631    2.1246  0.8504    4.1486  3.8086
 6110      NaN     NaN    4.2202  1.9170    4.8072  3.8635    2.1251  0.8505    4.1498  3.8097
 6120      NaN     NaN    4.2357  1.9144    4.7967  3.8647    2.1245  0.8500    4.1517  3.8118
 6130      NaN     NaN    4.2515  1.9127    4.7872  3.8648    2.1247  0.8500    4.1519  3.8127
 6140      NaN     NaN    4.2672  1.9096    4.7761  3.8651    2.1255  0.8496    4.1537  3.8131
 6150      NaN     NaN    4.2822  1.9074    4.7666  3.8655    2.1250  0.8503    4.1549  3.8146
 6160      NaN     NaN    4.2969  1.9055    4.7560  3.8655    2.1248  0.8501    4.1561  3.8158
 6170      NaN     NaN    4.3121  1.9031    4.7459  3.8664    2.1254  0.8500    4.1570  3.8165
 6180      NaN     NaN    4.3279  1.9013    4.7349  3.8659    2.1253  0.8496    4.1581  3.8172
 6190      NaN     NaN    4.3423  1.8996    4.7242  3.8660    2.1246  0.8502    4.1584  3.8188
 6200      NaN     NaN    4.3575  1.8972    4.7137  3.8660    2.1254  0.8503    4.1595  3.8202
 6210      NaN     NaN    4.3721  1.8952    4.7033  3.8669    2.1247  0.8503    4.1613  3.8211
 6220      NaN     NaN    4.3869  1.8936    4.6926  3.8668    2.1254  0.8502    4.1617  3.8218
 6230      NaN     NaN    4.4018  1.8915    4.6824  3.8668    2.1253  0.8499    4.1632  3.8229
 6240      NaN     NaN    4.4161  1.8903    4.6717  3.8659    2.1247  0.8500    4.1644  3.8243
 6250      NaN     NaN    4.4311  1.8890    4.6607  3.8656    2.1250  0.8501    4.1651  3.8251
 6260      NaN     NaN    4.4458  1.8878    4.6507  3.8660    2.1251  0.8496    4.1661  3.8260
 6270      NaN     NaN    4.4604  1.8860    4.6393  3.8651    2.1251  0.8495    4.1671  3.8274
 6280      NaN     NaN    4.4739  1.8845    4.6290  3.8648    2.1251  0.8503    4.1680  3.8283
 6290      NaN     NaN    4.4891  1.8835    4.6181  3.8651    2.1248  0.8500    4.1692  3.8293
 6300      NaN     NaN    4.5025  1.8820    4.6073  3.8644    2.1252  0.8496    4.1704  3.8305
 6310      NaN     NaN    4.5171  1.8815    4.5964  3.8636    2.1254  0.8504    4.1708  3.8307
 6320      NaN     NaN    4.5310  1.8796    4.5860  3.8631    2.1251  0.8496    4.1719  3.8317
 6330      NaN     NaN    4.5456  1.8787    4.5750  3.8623    2.1248  0.8505    4.1728  3.8327
 6340      NaN     NaN    4.5596  1.8780    4.5632  3.8622    2.1249  0.8505    4.1739  3.8336
 6350      NaN     NaN    4.5730  1.8774    4.5524  3.8614    2.1245  0.8504    4.1752  3.8350
 6360      NaN     NaN    4.5865  1.8764    4.5414  3.8610    2.1249  0.8504    4.1759  3.8358
 6370      NaN     NaN    4.6002  1.8760    4.5306  3.8595    2.1247  0.8501    4.1771  3.8370
 6380      NaN     NaN    4.6141  1.8750    4.5191  3.8588    2.1251  0.8495    4.1782  3.8381
 6390      NaN     NaN    4.6280  1.8745    4.5080  3.8584    2.1254  0.8502    4.1792  3.8389
 6400      NaN     NaN    4.6412  1.8743    4.4967  3.8569    2.1251  0.8502    4.1793  3.8400
 6410      NaN     NaN    4.6547  1.8737    4.4859  3.8561    2.1247  0.8499    4.1805  3.8402
 6420      NaN     NaN    4.6683  1.8734    4.4749  3.8553    2.1252  0.8497    4.1819  3.8412
 6430      NaN     NaN    4.6821  1.8736    4.4634  3.8543    2.1250  0.8500    4.1824  3.8422
 6440      NaN     NaN    4.6948  1.8736    4.4517  3.8527    2.1248  0.8497    4.1831  3.8438
 6450      NaN     NaN    4.7082  1.8736    4.4406  3.8518    2.1251  0.8503    4.1841  3.8446
 6460      NaN     NaN    4.7214  1.8736    4.4293  3.8506    2.1246  0.8501    4.1853  3.8456
 6470      NaN     NaN    4.7348  1.8736    4.4178  3.8489    2.1255  0.8503    4.1859  3.8461
 6480      NaN     NaN    4.7471  1.8741    4.4063  3.8475    2.1245  0.8500    4.1867  3.8470
 6490      NaN     NaN    4.7600  1.8736    4.3949  3.8468    2.1249  0.8503    4.1881  3.8478
 6500      NaN     NaN    4.7736  1.8741    4.3833  3.8446    2.1247  0.8505    4.1886  3.8488
 6510      NaN     NaN    4.7861  1.8747    4.3717  3.8438    2.1250  0.8497    4.1897  3.8494
 6520      NaN     NaN    4.7987  1.8750    4.3597  3.8416    2.1247  0.8505    4.1907  3.8507
 6530      NaN     NaN    4.8117  1.8759    4.3477  3.8400    2.1249  0.8498    4.1914  3.8513
 6540      NaN     NaN    4.8244  1.8767    4.3369  3.8384    2.1246  0.8499    4.1923  3.8525
 6550      NaN     NaN    4.8372  1.8767    4.3244  3.8373    2.1251  0.8499    4.1936  3.8529
 6560      NaN     NaN    4.8497  1.8775    4.3128  3.8349    2.1255  0.8501    4.1940  3.8541
 6570      NaN     NaN    4.8612  1.8788    4.3007  3.8332    2.1252  0.8503    4.1953  3.8549
 6580      NaN     NaN    4.8737  1.8800    4.2890  3.8314    2.1254  0.8495    4.1960  3.8561
 6590      NaN     NaN    4.8861  1.8810    4.2774  3.8295    2.1249  0.8495    4.1968  3.8565
 6600      NaN     NaN    4.8985  1.8820    4.2658  3.8275    2.1253  0.8498    4.1969  3.8578
 6610      NaN     NaN    4.9106  1.8826    4.2538  3.8253    2.1254  0.8498    4.1987  3.8579
 6620      NaN     NaN    4.9223  1.8843    4.2419  3.8235    2.1252  0.8502    4.1990  3.8585
 6630      NaN     NaN    4.9351  1.8854    4.2299  3.8217    2.1252  0.8505    4.1999  3.8600
 6640      NaN     NaN    4.9461  1.8866    4.2177  3.8194    2.1254  0.8496    4.2002  3.8606
 6650      NaN     NaN    4.9585  1.8884    4.2051  3.8171    2.1252  0.8499    4.2014  3.8617
 6660      NaN     NaN    4.9698  1.8902    4.1929  3.8153    2.1247  0.8498    4.2022  3.8621
 6670      NaN     NaN    4.9814  1.8917    4.1811  3.8134    2.1250  0.8504    4.2030  3.8635
 6680      NaN     NaN    4.9933  1.8935    4.1694  3.8106    2.1246  0.8495    4.2042  3.8640
 6690      NaN     NaN    5.0049  1.8950    4.1570  3.8087    2.1250  0.8502    4.2047  3.8647
 6700      NaN     NaN    5.0163  1.8963    4.1450  3.8068    2.1251  0.8502    4.2058  3.8657
 6710      NaN     NaN    5.0279  1.8984    4.1328  3.8047    2.1250  0.8497    4.2059  3.8657
 6720      NaN     NaN    5.0393  1.9007    4.1209  3.8022    2.1253  0.8497    4.2066  3.8666
 6730      NaN     NaN    5.0511  1.9027    4.1085  3.8000    2.1250  0.8497    4.2078  3.8675
 6740      NaN     NaN    5.0624  1.9051    4.0960  3.7979    2.1252  0.8503    4.2084  3.8687
 6750      NaN     NaN    5.0729  1.9072    4.0838  3.7955    2.1249  0.8501    4.2090  3.8691
 6760      NaN     NaN    5.0842  1.9087    4.0715  3.7931    2.1254  0.8499    4.2100  3.8704
 6770      NaN     NaN    5.0954  1.9117    4.0599  3.7909    2.1254  0.8497    4.2109  3.8702
 6780      NaN     NaN    5.1064  1.9138    4.0475  3.7887    2.1254  0.8499    4.2112  3.8711
 6790      NaN     NaN    5.1176  1.9160    4.0351  3.7863    2.1251  0.8498    4.2123  3.8725
 6800      NaN     NaN    5.1286  1.9191    4.0230  3.7842    2.1248  0.8503    4.2129  3.8733
 6810      NaN     NaN       NaN     NaN    4.0111  3.7815    2.1250  0.8503    4.2132  3.8738
 6820      NaN     NaN       NaN     NaN    3.9980  3.7789    2.1254  0.8501    4.2138  3.8740
 6830      NaN     NaN       NaN     NaN    3.9863  3.7773    2.1249  0.8498    4.2152  3.8754
 6840      NaN     NaN       NaN     NaN    3.9737  3.7744    2.1249  0.8498    4.2162  3.8757
 6850      NaN     NaN       NaN     NaN    3.9611  3.7720    2.1252  0.8497    4.2161  3.8768
 6860      NaN     NaN       NaN     NaN    3.9495  3.7702    2.1248  0.8501    4.2168  3.8775
 6870      NaN     NaN       NaN     NaN    3.9367  3.7672    2.1247  0.8500    4.2181  3.8774
 6880      NaN     NaN       NaN     NaN    3.9246  3.7653    2.1245  0.8503    4.2188  3.8782
 6890      NaN     NaN       NaN     NaN    3.9123  3.7627    2.1247  0.8496    4.2189  3.8790
 6900      NaN     NaN       NaN     NaN    3.8995  3.7604    2.1254  0.8500    4.2196  3.8795
 6910      NaN     NaN       NaN     NaN    3.8866  3.7581    2.1250  0.8503    4.2207  3.8809
 6920      NaN     NaN       NaN     NaN    3.8743  3.7548    2.1254  0.8498    4.2215  3.8814
 6930      NaN     NaN       NaN     NaN    3.8623  3.7525    2.1255  0.8498    4.2216  3.8820
 6940      NaN     NaN       NaN     NaN    3.8493  3.7506    2.1253  0.8504    4.2225  3.8820
 6950      NaN     NaN       NaN     NaN    3.8373  3.7480    2.1247  0.8502    4.2231  3.8833
 6960      NaN     NaN       NaN     NaN    3.8249  3.7456    2.1248  0.8504    4.2242  3.8833
 6970      NaN     NaN       NaN     NaN    3.8126  3.7426    2.1246  0.8504    4.2247  3.8839
 6980      NaN     NaN       NaN     NaN    3.7998  3.7399    2.1247  0.8498    4.2251  3.8848
 6990      NaN     NaN       NaN     NaN    3.7876  3.7370    2.1250  0.8505    4.2259  3.8854
 7000      NaN     NaN       NaN     NaN    3.7749  3.7346    2.1254  0.8504    4.2261  3.8857
 7010      NaN     NaN       NaN     NaN    3.7618  3.7322    2.1254  0.8499    4.2269  3.8869
 7020      NaN     NaN       NaN     NaN    3.7500  3.7295    2.1249  0.8502    4.2276  3.8870
 7030      NaN     NaN       NaN     NaN    3.7365  3.7273    2.1248  0.8502    4.2278  3.8879
 7040      NaN     NaN       NaN     NaN    3.7243  3.7241    2.1247  0.8500    4.2281  3.8882
 7050      NaN     NaN       NaN     NaN    3.7120  3.7214    2.1250  0.8503    4.2290  3.8895
 7060      NaN     NaN       NaN     NaN    3.6991  3.7193    2.1248  0.8499    4.2296  3.8895
 7070      NaN     NaN       NaN     NaN    3.6863  3.7166    2.1247  0.8496    4.2299  3.8906
 7080      NaN     NaN       NaN     NaN    3.6742  3.7133    2.1251  0.8497    4.2307  3.8912
 7090      NaN     NaN       NaN     NaN    3.6608  3.7112    2.1252  0.8498    4.2315  3.8914
 7100      NaN     NaN       NaN     NaN    3.6485  3.7087    2.1246  0.8505    4.2319  3.8923
 7110      NaN     NaN       NaN     NaN    3.6357  3.7056    2.1246  0.8499    4.2327  3.8922
 7120      NaN     NaN       NaN     NaN    3.6235  3.7034    2.1252  0.8496    4.2327  3.8929
 7130      NaN     NaN       NaN     NaN    3.6112  3.6998    2.1253  0.8497    4.2332  3.8940
 7140      NaN     NaN       NaN     NaN    3.5980  3.6976    2.1247  0.8501    4.2340  3.8938
 7150      NaN     NaN       NaN     NaN    3.5852  3.6950    2.1249  0.8502    4.2348  3.8951
 7160      NaN     NaN       NaN     NaN    3.5722  3.6922    2.1248  0.8496    4.2348  3.8953
 7170      NaN     NaN       NaN     NaN    3.5598  3.6892    2.1254  0.8505    4.2357  3.8963
 7180      NaN     NaN       NaN     NaN    3.5468  3.6865    2.1255  0.8499    4.2362  3.8968
 7190      NaN     NaN       NaN     NaN    3.5341  3.6835    2.1247  0.8505    4.2369  3.8968
 7200      NaN     NaN       NaN     NaN    3.5219  3.6809    2.1247  0.8500    4.2372  3.8973
 7210      NaN     NaN       NaN     NaN    3.5094  3.6783    2.1251  0.8503    4.2374  3.8974
 7220      NaN     NaN       NaN     NaN    3.4963  3.6751    2.1253  0.8501    4.2383  3.8987
 7230      NaN     NaN       NaN     NaN    3.4837  3.6722    2.1252  0.8502    4.2386  3.8991
 7240      NaN     NaN       NaN     NaN    3.4704  3.6693    2.1249  0.8504    4.2391  3.8995
 7250      NaN     NaN       NaN     NaN    3.4582  3.6660    2.1251  0.8499    4.2395  3.8997
 7260      NaN     NaN       NaN     NaN    3.4453  3.6632    2.1254  0.8502    4.2408  3.8998
 7270      NaN     NaN       NaN     NaN    3.4329  3.6605    2.1247  0.8503    4.2410  3.9006
 7280      NaN     NaN       NaN     NaN    3.4201  3.6573    2.1248  0.8500    4.2413  3.9015
 7290      NaN     NaN       NaN     NaN    3.4067  3.6550    2.1252  0.8498    4.2420  3.9013
 7300      NaN     NaN       NaN     NaN    3.3945  3.6514    2.1246  0.8505    4.2416  3.9020
 7310      NaN     NaN       NaN     NaN    3.3812  3.6484    2.1248  0.8495    4.2430  3.9030
 7320      NaN     NaN       NaN     NaN    3.3681  3.6460    2.1253  0.8503    4.2426  3.9028
 7330      NaN     NaN       NaN     NaN    3.3560  3.6427    2.1245  0.8502    4.2435  3.9038
 7340      NaN     NaN       NaN     NaN    3.3424  3.6403    2.1248  0.8498    4.2436  3.9039
 7350      NaN     NaN       NaN     NaN    3.3302  3.6372    2.1252  0.8498    4.2442  3.9038
 7360      NaN     NaN       NaN     NaN    3.3176  3.6344    2.1247  0.8498    4.2448  3.9047
 7370      NaN     NaN       NaN     NaN    3.3044  3.6308    2.1253  0.8504    4.2447  3.9053
 7380      NaN     NaN       NaN     NaN    3.2916  3.6275    2.1248  0.8502    4.2457  3.9059
 7390      NaN     NaN       NaN     NaN    3.2783  3.6252    2.1251  0.8504    4.2463  3.9064
 7400      NaN     NaN       NaN     NaN    3.2659  3.6218    2.1254  0.8499    4.2460  3.9061
 7410      NaN     NaN       NaN     NaN    3.2529  3.6185    2.1247  0.8504    4.2467  3.9064
 7420      NaN     NaN       NaN     NaN    3.2402  3.6158    2.1251  0.8500    4.2474  3.9067
 7430      NaN     NaN       NaN     NaN    3.2272  3.6122    2.1246  0.8502    4.2471  3.9073
 7440      NaN     NaN       NaN     NaN    3.2145  3.6099    2.1249  0.8497    4.2483  3.9074
 7450      NaN     NaN       NaN     NaN    3.2011  3.6066    2.1249  0.8500    4.2485  3.9086
 7460      NaN     NaN       NaN     NaN    3.1882  3.6035    2.1253  0.8504    4.2491  3.9090
 7470      NaN     NaN       NaN     NaN    3.1753  3.6000    2.1246  0.8503    4.2486  3.9085
 7480      NaN     NaN       NaN     NaN    3.1631  3.5969    2.1255  0.8497    4.2491  3.9089
 7490      NaN     NaN       NaN     NaN    3.1496  3.5942    2.1254  0.8503    4.2502  3.9097
 7500      NaN     NaN       NaN     NaN    3.1371  3.5908    2.1252  0.8496    4.2503  3.9104
 7510      NaN     NaN       NaN     NaN    3.1240  3.5876    2.1245  0.8499    4.2505  3.9100
 7520      NaN     NaN       NaN     NaN    3.1110  3.5840    2.1247  0.8497    4.2506  3.9107
 7530      NaN     NaN       NaN     NaN    3.0989  3.5813    2.1255  0.8505    4.2512  3.9108
 7540      NaN     NaN       NaN     NaN    3.0857  3.5778    2.1247  0.8495    4.2511  3.9113
 7550      NaN     NaN       NaN     NaN    3.0724  3.5750    2.1253  0.8501    4.2514  3.9118
 7560      NaN     NaN       NaN     NaN    3.0600  3.5713    2.1249  0.8503    4.2523  3.9115
 7570      NaN     NaN       NaN     NaN    3.0464  3.5684    2.1246  0.8501    4.2525  3.9120
 7580      NaN     NaN       NaN     NaN    3.0340  3.5653    2.1248  0.8495    4.2525  3.9127
 7590      NaN     NaN       NaN     NaN    3.0210  3.5618    2.1252  0.8503    4.2532  3.9124
 7600      NaN     NaN       NaN     NaN    3.0079  3.5591    2.1250  0.8502    4.2533  3.9127
 7610      NaN     NaN       NaN     NaN    2.9952  3.5554    2.1254  0.8501    4.2535  3.9132
 7620      NaN     NaN       NaN     NaN    2.9826  3.5521    2.1252  0.8498    4.2537  3.9141
 7630      NaN     NaN       NaN     NaN    2.9695  3.5488    2.1246  0.8502    4.2535  3.9141
 7640      NaN     NaN       NaN     NaN    2.9568  3.5456    2.1254  0.8501    4.2542  3.9144
 7650      NaN     NaN       NaN     NaN    2.9437  3.5425    2.1253  0.8495    4.2549  3.9149
 7660      NaN     NaN       NaN     NaN    2.9305  3.5390    2.1255  0.8502    4.2552  3.9151
 7670      NaN     NaN       NaN     NaN    2.9179  3.5353    2.1249  0.8497    4.2553  3.9150
 7680      NaN     NaN       NaN     NaN    2.9049  3.5327    2.1245  0.8502    4.2551  3.9156
 7690      NaN     NaN       NaN     NaN    2.8919  3.5292    2.1245  0.8500    4.2559  3.9153
 7700      NaN     NaN       NaN     NaN    2.8789  3.5253    2.1247  0.8502    4.2558  3.9157
 7710      NaN     NaN       NaN     NaN    2.8665  3.5223    2.1247  0.8503    4.2561  3.9164
 7720      NaN     NaN       NaN     NaN    2.8531  3.5188    2.1248  0.8496    4.2559  3.9165
 7730      NaN     NaN       NaN     NaN    2.8402  3.5156    2.1248  0.8497    4.2569  3.9167
 7740      NaN     NaN       NaN     NaN    2.8280  3.5122    2.1247  0.8500    4.2570  3.9168
 7750      NaN     NaN       NaN     NaN    2.8148  3.5093    2.1249  0.8497    4.2569  3.9168
 7760      NaN     NaN       NaN     NaN    2.8021  3.5054    2.1252  0.8505    4.2572  3.9168
 7770      NaN     NaN       NaN     NaN    2.7889  3.5016    2.1253  0.8502    4.2573  3.9173
 7780      NaN     NaN       NaN     NaN    2.7755  3.4989    2.1255  0.8505    4.2573  3.9170
 7790      NaN     NaN       NaN     NaN    2.7632  3.4955    2.1249  0.8502    4.2574  3.9177
 7800      NaN     NaN       NaN     NaN    2.7502  3.4921    2.1247  0.8497    4.2580  3.9177
 7810      NaN     NaN       NaN     NaN    2.7369  3.4883    2.1250  0.8504    4.2584  3.9184
 7820      NaN     NaN       NaN     NaN    2.7240  3.4854    2.1246  0.8502    4.2581  3.9180
 7830      NaN     NaN       NaN     NaN    2.7114  3.4817    2.1251  0.8500    4.2581  3.9183
 7840      NaN     NaN       NaN     NaN    2.6991  3.4786    2.1254  0.8499    4.2586  3.9184
 7850      NaN     NaN       NaN     NaN    2.6856  3.4748    2.1253  0.8498    4.2590  3.9186
 7860      NaN     NaN       NaN     NaN    2.6730  3.4714    2.1248  0.8500    4.2589  3.9185
 7870      NaN     NaN       NaN     NaN    2.6604  3.4681    2.1246  0.8505    4.2592  3.9187
 7880      NaN     NaN       NaN     NaN    2.6469  3.4646    2.1252  0.8500    4.2587  3.9190
 7890      NaN     NaN       NaN     NaN    2.6340  3.4605    2.1253  0.8503    4.2586  3.9194
 7900      NaN     NaN       NaN     NaN    2.6216  3.4573    2.1253  0.8497    4.2594  3.9191
 7910      NaN     NaN       NaN     NaN    2.6083  3.4541    2.1253  0.8498    4.2589  3.9191
 7920      NaN     NaN       NaN     NaN    2.5956  3.4499    2.1247  0.8500    4.2592  3.9199
 7930      NaN     NaN       NaN     NaN    2.5833  3.4464    2.1246  0.8498    4.2594  3.9197
 7940      NaN     NaN       NaN     NaN    2.5704  3.4430    2.1249  0.8497    4.2601  3.9201
 7950      NaN     NaN       NaN     NaN    2.5571  3.4400    2.1251  0.8502    4.2602  3.9199
 7960      NaN     NaN       NaN     NaN    2.5446  3.4359    2.1255  0.8495    4.2595  3.9194
 7970      NaN     NaN       NaN     NaN    2.5312  3.4322    2.1254  0.8500    4.2604  3.9202
 7980      NaN     NaN       NaN     NaN    2.5190  3.4286    2.1254  0.8501    4.2603  3.9198
 7990      NaN     NaN       NaN     NaN    2.5058  3.4254    2.1247  0.8502    4.2604  3.9196
 8000      NaN     NaN       NaN     NaN    2.4935  3.4218    2.1251  0.8501    4.2600  3.9204
 8010      NaN     NaN       NaN     NaN    2.4800  3.4184    2.1255  0.8499    4.2603  3.9203
 8020      NaN     NaN       NaN     NaN    2.4680  3.4146    2.1249  0.8501    4.2605  3.9200
 8030      NaN     NaN       NaN     NaN    2.4552  3.4108    2.1247  0.8504    4.2599  3.9199
 8040      NaN     NaN       NaN     NaN    2.4425  3.4069    2.1252  0.8502    4.2606  3.9201
 8050      NaN     NaN       NaN     NaN    2.4294  3.4039    2.1251  0.8497    4.2609  3.9209
 8060      NaN     NaN       NaN     NaN    2.4164  3.4003    2.1254  0.8502    4.2601  3.9201
 8070      NaN     NaN       NaN     NaN    2.4039  3.3970    2.1246  0.8498    4.2605  3.9209
 8080      NaN     NaN       NaN     NaN    2.3913  3.3933    2.1254  0.8498    4.2609  3.9202
 8090      NaN     NaN       NaN     NaN    2.3784  3.3891    2.1249  0.8497    4.2605  3.9208
 8100      NaN     NaN       NaN     NaN    2.3656  3.3859    2.1245  0.8500    4.2607  3.9204
 8110      NaN     NaN       NaN     NaN    2.3532  3.3816    2.1251  0.8503    4.2610  3.9210
 8120      NaN     NaN       NaN     NaN    2.3406  3.3786    2.1248  0.8504    4.2604  3.9209
 8130      NaN     NaN       NaN     NaN    2.3273  3.3744    2.1251  0.8501    4.2602  3.9203
 8140      NaN     NaN       NaN     NaN    2.3145  3.3711    2.1252  0.8501    4.2604  3.9207
 8150      NaN     NaN       NaN     NaN    2.3021  3.3675    2.1252  0.8496    4.2602  3.9210
 8160      NaN     NaN       NaN     NaN    2.2891  3.3634    2.1250  0.8502    4.2603  3.9202
 8170      NaN     NaN       NaN     NaN    2.2771  3.3600    2.1249  0.8504    4.2604  3.9203
 8180      NaN     NaN       NaN     NaN    2.2638  3.3562    2.1247  0.8499    4.2602  3.9201
 8190      NaN     NaN       NaN     NaN    2.2510  3.3525    2.1251  0.8501    4.2608  3.9208
 8200      NaN     NaN       NaN     NaN    2.2393  3.3488    2.1247  0.8496    4.2603  3.9205
 8210      NaN     NaN       NaN     NaN    2.2257  3.3446    2.1246  0.8499    4.2607  3.9203
 8220      NaN     NaN       NaN     NaN    2.2135  3.3410    2.1249  0.8497    4.2599  3.9203
 8230      NaN     NaN       NaN     NaN    2.2011  3.3376    2.1252  0.8498    4.2605  3.9202
 8240      NaN     NaN       NaN     NaN    2.1884  3.3338    2.1246  0.8501    4.2603  3.9200
 8250      NaN     NaN       NaN     NaN    2.1752  3.3299    2.1248  0.8499    4.2603  3.9197
 8260      NaN     NaN       NaN     NaN    2.1635  3.3267    2.1245  0.8496    4.2603  3.9199
 8270      NaN     NaN       NaN     NaN    2.1500  3.3227    2.1249  0.8499    4.2601  3.9200
 8280      NaN     NaN       NaN     NaN    2.1381  3.3193    2.1253  0.8499    4.2595  3.9197
 8290      NaN     NaN       NaN     NaN    2.1254  3.3147    2.1246  0.8498    4.2601  3.9196
 8300      NaN     NaN       NaN     NaN    2.1127  3.3115    2.1249  0.8502    4.2594  3.9199
 8310      NaN     NaN       NaN     NaN    2.0998  3.3079    2.1248  0.8497    4.2597  3.9193
 8320      NaN     NaN       NaN     NaN    2.0881  3.3042    2.1248  0.8498    4.2600  3.9192
 8330      NaN     NaN       NaN     NaN    2.0754  3.3004    2.1248  0.8499    4.2600  3.9192
 8340      NaN     NaN       NaN     NaN    2.0632  3.2958    2.1254  0.8500    4.2596  3.9191
 8350      NaN     NaN       NaN     NaN    2.0501  3.2929    2.1247  0.8503    4.2588  3.9192
 8360      NaN     NaN       NaN     NaN    2.0375  3.2890    2.1252  0.8497    4.2596  3.9188
 8370      NaN     NaN       NaN     NaN    2.0255  3.2846    2.1250  0.8502    4.2595  3.9188
 8380      NaN     NaN       NaN     NaN    2.0128  3.2810    2.1251  0.8500    4.2588  3.9185
 8390      NaN     NaN       NaN     NaN    1.9997  3.2768    2.1254  0.8505    4.2588  3.9188
 8400      NaN     NaN       NaN     NaN    1.9878  3.2729    2.1249  0.8500    4.2585  3.9182
 8410      NaN     NaN       NaN     NaN    1.9747  3.2692    2.1248  0.8501    4.2585  3.9185
 8420      NaN     NaN       NaN     NaN    1.9624  3.2660    2.1248  0.8496    4.2580  3.9185
 8430      NaN     NaN       NaN     NaN    1.9495  3.2612    2.1254  0.8503    4.2577  3.9182
 8440      NaN     NaN       NaN     NaN    1.9376  3.2576    2.1254  0.8496    4.2576  3.9182
 8450      NaN     NaN       NaN     NaN    1.9247  3.2537    2.1248  0.8499    4.2575  3.9173
 8460      NaN     NaN       NaN     NaN    1.9123  3.2503    2.1255  0.8497    4.2573  3.9178
 8470      NaN     NaN       NaN     NaN    1.8994  3.2459    2.1252  0.8500    4.2571  3.9175
 8480      NaN     NaN       NaN     NaN    1.8871  3.2421    2.1246  0.8501    4.2573  3.9168
 8490      NaN     NaN       NaN     NaN    1.8750  3.2384    2.1252  0.8502    4.2566  3.9168
 8500      NaN     NaN       NaN     NaN    1.8619  3.2338    2.1246  0.8497    4.2565  3.9166
 8510      NaN     NaN       NaN     NaN    1.8498  3.2303    2.1250  0.8499    4.2568  3.9168
 8520      NaN     NaN       NaN     NaN    1.8373  3.2265    2.1253  0.8499    4.2560  3.9165
 8530      NaN     NaN       NaN     NaN    1.8249  3.2221    2.1248  0.8501    4.2563  3.9157
 8540      NaN     NaN       NaN     NaN    1.8119  3.2180    2.1249  0.8502    4.2562  3.9157
 8550      NaN     NaN       NaN     NaN    1.7992  3.2141    2.1252  0.8499    4.2555  3.9155
 8560      NaN     NaN       NaN     NaN    1.7876  3.2110    2.1252  0.8497    4.2550  3.9150
 8570      NaN     NaN       NaN     NaN    1.7743  3.2063    2.1248  0.8495    4.2549  3.9150
 8580      NaN     NaN       NaN     NaN    1.7620  3.2023    2.1252  0.8500    4.2550  3.9150
 8590      NaN     NaN       NaN     NaN    1.7494  3.1987    2.1249  0.8496    4.2546  3.9144
 8600      NaN     NaN       NaN     NaN    1.7375  3.1948    2.1248  0.8498    4.2549  3.9143
 8610      NaN     NaN       NaN     NaN    1.7244  3.1908    2.1254  0.8496    4.2540  3.9145
 8620      NaN     NaN       NaN     NaN    1.7120  3.1868    2.1247  0.8504    4.2535  3.9137
 8630      NaN     NaN       NaN     NaN    1.6995  3.1826    2.1253  0.8502    4.2536  3.9133
 8640      NaN     NaN       NaN     NaN    1.6868  3.1786    2.1254  0.8504    4.2537  3.9134
 8650      NaN     NaN       NaN     NaN    1.6743  3.1742    2.1251  0.8500    4.2534  3.9129
 8660      NaN     NaN       NaN     NaN    1.6621  3.1701    2.1252  0.8498    4.2527  3.9127
 8670      NaN     NaN       NaN     NaN    1.6492  3.1665    2.1252  0.8498    4.2521  3.9124
 8680      NaN     NaN       NaN     NaN    1.6373  3.1622    2.1245  0.8496    4.2524  3.9124
 8690      NaN     NaN       NaN     NaN    1.6250  3.1582    2.1247  0.8497    4.2519  3.9124
 8700      NaN     NaN       NaN     NaN    1.6125  3.1541    2.1250  0.8495    4.2520  3.9119
 8710      NaN     NaN       NaN     NaN    1.5996  3.1494    2.1247  0.8497    4.2516  3.9111
 8720      NaN     NaN       NaN     NaN    1.5867  3.1451    2.1246  0.8500    4.2507  3.9106
 8730      NaN     NaN       NaN     NaN    1.5749  3.1411    2.1251  0.8497    4.2502  3.9103
 8740      NaN     NaN       NaN     NaN    1.5622  3.1370    2.1254  0.8504    4.2502  3.9104
 8750      NaN     NaN       NaN     NaN    1.5501  3.1337    2.1246  0.8499    4.2505  3.9103
 8760      NaN     NaN       NaN     NaN    1.5373  3.1288    2.1255  0.8502    4.2492  3.9097
 8770      NaN     NaN       NaN     NaN    1.5251  3.1254    2.1247  0.8501    4.2497  3.9097
 8780      NaN     NaN       NaN     NaN    1.5124  3.1208    2.1249  0.8502    4.2486  3.9093
 8790      NaN     NaN       NaN     NaN    1.4996  3.1162    2.1250  0.8498    4.2489  3.9087
 8800      NaN     NaN       NaN     NaN    1.4876  3.1124    2.1250  0.8503    4.2483  3.9081
 8810      NaN     NaN       NaN     NaN    1.4750  3.1083    2.1246  0.8503    4.2476  3.9077
 8820      NaN     NaN       NaN     NaN    1.4621  3.1044    2.1246  0.8497    4.2478  3.9075
 8830      NaN     NaN       NaN     NaN    1.4503  3.0993    2.1251  0.8503    4.2473  3.9075
 8840      NaN     NaN       NaN     NaN    1.4372  3.0952    2.1254  0.8504    4.2468  3.9071
 8850      NaN     NaN       NaN     NaN    1.4254  3.0916    2.1246  0.8495    4.2463  3.9064
 8860      NaN     NaN       NaN     NaN    1.4121  3.0876    2.1247  0.8495    4.2462  3.9059
 8870      NaN     NaN       NaN     NaN    1.3997  3.0826    2.1252  0.8495    4.2453  3.9053
 8880      NaN     NaN       NaN     NaN    1.3873  3.0782    2.1249  0.8504    4.2449  3.9053
 8890      NaN     NaN       NaN     NaN    1.3747  3.0740    2.1246  0.8504    4.2450  3.9045
 8900      NaN     NaN       NaN     NaN    1.3623  3.0699    2.1245  0.8495    4.2443  3.9039
 8910      NaN     NaN       NaN     NaN    1.3498  3.0658    2.1251  0.8497    4.2441  3.9042
 8920      NaN     NaN       NaN     NaN    1.3378  3.0611    2.1250  0.8496    4.2433  3.9033
 8930      NaN     NaN       NaN     NaN    1.3248  3.0569    2.1247  0.8495    4.2425  3.9035
 8940      NaN     NaN       NaN     NaN    1.3130  3.0533    2.1246  0.8498    4.2423  3.9026
 8950      NaN     NaN       NaN     NaN    1.3003  3.0485    2.1248  0.8503    4.2417  3.9023
 8960      NaN     NaN       NaN     NaN    1.2874  3.0444    2.1246  0.8504    4.2419  3.9019
 8970      NaN     NaN       NaN     NaN    1.2751  3.0401    2.1252  0.8505    4.2411  3.9013
 8980      NaN     NaN       NaN     NaN    1.2629  3.0357    2.1247  0.8499    4.2406  3.9011
 8990      NaN     NaN       NaN     NaN    1.2506  3.0312    2.1251  0.8502    4.2403  3.9003
 9000      NaN     NaN       NaN     NaN    1.2381  3.0274    2.1249  0.8504    4.2400  3.9002
 9010      NaN     NaN       NaN     NaN    1.2259  3.0225    2.1251  0.8503    4.2389  3.8994
 9020      NaN     NaN       NaN     NaN    1.2133  3.0182    2.1252  0.8498    4.2386  3.8988
 9030      NaN     NaN       NaN     NaN    1.2011  3.0135    2.1248  0.8497    4.2384  3.8983
 9040      NaN     NaN       NaN     NaN    1.1884  3.0095    2.1247  0.8498    4.2377  3.8976
 9050      NaN     NaN       NaN     NaN    1.1756  3.0050    2.1254  0.8500    4.2375  3.8973
 9060      NaN     NaN       NaN     NaN    1.1637  3.0009    2.1247  0.8500    4.2365  3.8971
 9070      NaN     NaN       NaN     NaN    1.1506  2.9960    2.1254  0.8504    4.2364  3.8962
 9080      NaN     NaN       NaN     NaN    1.1381  2.9923    2.1254  0.8496    4.2360  3.8959
 9090      NaN     NaN       NaN     NaN    1.1255  2.9875    2.1250  0.8502    4.2350  3.8957
 9100      NaN     NaN       NaN     NaN    1.1134  2.9831    2.1254  0.8499    4.2344  3.8952
 9110      NaN     NaN       NaN     NaN    1.1016  2.9790    2.1247  0.8495    4.2346  3.8943
 9120      NaN     NaN       NaN     NaN    1.0883  2.9744    2.1254  0.8502    4.2337  3.8942
 9130      NaN     NaN       NaN     NaN    1.0765  2.9694    2.1252  0.8496    4.2329  3.8930
 9140      NaN     NaN       NaN     NaN    1.0635  2.9648    2.1250  0.8495    4.2325  3.8925
 9150      NaN     NaN       NaN     NaN    1.0510  2.9611    2.1251  0.8505    4.2320  3.8925
 9160      NaN     NaN       NaN     NaN    1.0393  2.9565    2.1250  0.8495    4.2310  3.8919
 9170      NaN     NaN       NaN     NaN    1.0270  2.9515    2.1251  0.8504    4.2308  3.8906
 9180      NaN     NaN       NaN     NaN    1.0137  2.9474    2.1249  0.8499    4.2300  3.8902
 9190      NaN     NaN       NaN     NaN    1.0013  2.9423    2.1253  0.8502    4.2301  3.8895
 9200      NaN     NaN       NaN     NaN    0.9892  2.9379    2.1250  0.8503    4.2291  3.8888
 9210      NaN     NaN       NaN     NaN    0.9769  2.9335    2.1251  0.8499    4.2284  3.8882
 9220      NaN     NaN       NaN     NaN    0.9647  2.9287    2.1245  0.8501    4.2276  3.8883
 9230      NaN     NaN       NaN     NaN    0.9524  2.9247    2.1252  0.8499    4.2278  3.8874
 9240      NaN     NaN       NaN     NaN    0.9393  2.9203    2.1253  0.8498    4.2267  3.8865
 9250      NaN     NaN       NaN     NaN    0.9270  2.9151    2.1252  0.8496    4.2266  3.8866
 9260      NaN     NaN       NaN     NaN    0.9144  2.9108    2.1246  0.8500    4.2251  3.8859
 9270      NaN     NaN       NaN     NaN    0.9019  2.9066    2.1245  0.8504    4.2248  3.8849
 9280      NaN     NaN       NaN     NaN    0.8903  2.9020    2.1246  0.8496    4.2246  3.8846
 9290      NaN     NaN       NaN     NaN    0.8776  2.8974    2.1245  0.8496    4.2241  3.8842
 9300      NaN     NaN       NaN     NaN    0.8655  2.8924    2.1250  0.8503    4.2226  3.8826
 9310      NaN     NaN       NaN     NaN    0.8526  2.8880    2.1246  0.8500    4.2227  3.8829
 9320      NaN     NaN       NaN     NaN    0.8407  2.8834    2.1249  0.8498    4.2214  3.8817
 9330      NaN     NaN       NaN     NaN    0.8275  2.8789    2.1255  0.8500    4.2213  3.8814
 9340      NaN     NaN       NaN     NaN    0.8154  2.8741    2.1252  0.8505    4.2202  3.8808
 9350      NaN     NaN       NaN     NaN    0.8034  2.8690    2.1249  0.8502    4.2201  3.8795
 9360      NaN     NaN       NaN     NaN    0.7912  2.8648    2.1253  0.8497    4.2192  3.8795
 9370      NaN     NaN       NaN     NaN    0.7788  2.8604    2.1248  0.8500    4.2189  3.8785
 9380      NaN     NaN       NaN     NaN    0.7655  2.8551    2.1247  0.8498    4.2174  3.8775
 9390      NaN     NaN       NaN     NaN    0.7537  2.8511    2.1246  0.8498    4.2171  3.8772
 9400      NaN     NaN       NaN     NaN    0.7407  2.8458    2.1254  0.8497    4.2160  3.8761
 9410      NaN     NaN       NaN     NaN    0.7288  2.8416    2.1245  0.8502    4.2161  3.8757
 9420      NaN     NaN       NaN     NaN    0.7160  2.8370    2.1252  0.8498    4.2146  3.8752
 9430      NaN     NaN       NaN     NaN    0.7043  2.8316    2.1245  0.8497    4.2140  3.8746
 9440      NaN     NaN       NaN     NaN    0.6916  2.8270    2.1249  0.8503    4.2136  3.8733
 9450      NaN     NaN       NaN     NaN    0.6795  2.8222    2.1249  0.8500    4.2124  3.8728
 9460      NaN     NaN       NaN     NaN    0.6667  2.8182    2.1255  0.8500    4.2122  3.8726
 9470      NaN     NaN       NaN     NaN    0.6548  2.8133    2.1253  0.8502    4.2111  3.8716
 9480      NaN     NaN       NaN     NaN    0.6420  2.8081    2.1252  0.8497    4.2107  3.8711
 9490      NaN     NaN       NaN     NaN    0.6294  2.8040    2.1247  0.8498    4.2100  3.8696
 9500      NaN     NaN       NaN     NaN    0.6169  2.7991    2.1246  0.8497    4.2096  3.8687
 9510      NaN     NaN       NaN     NaN    0.6052  2.7940    2.1251  0.8502    4.2081  3.8682
 9520      NaN     NaN       NaN     NaN    0.5923  2.7895    2.1253  0.8504    4.2076  3.8676
 9530      NaN     NaN       NaN     NaN    0.5803  2.7849    2.1249  0.8501    4.2065  3.8666
 9540      NaN     NaN       NaN     NaN    0.5679  2.7800    2.1248  0.8505    4.2065  3.8660
 9550      NaN     NaN       NaN     NaN    0.5553  2.7754    2.1252  0.8495    4.2055  3.8654
 9560      NaN     NaN       NaN     NaN    0.5429  2.7700    2.1247  0.8497    4.2048  3.8647
 9570      NaN     NaN       NaN     NaN    0.5309  2.7655    2.1247  0.8500    4.2037  3.8634
 9580      NaN     NaN       NaN     NaN    0.5181  2.7608    2.1250  0.8501    4.2032  3.8627
 9590      NaN     NaN       NaN     NaN    0.5060  2.7551    2.1248  0.8498    4.2019  3.8626
 9600      NaN     NaN       NaN     NaN    0.4935  2.7509    2.1251  0.8500    4.2014  3.8617
 9610      NaN     NaN       NaN     NaN    0.4808  2.7458    2.1246  0.8499    4.2008  3.8609
 9620      NaN     NaN       NaN     NaN    0.4690  2.7405    2.1246  0.8500    4.1999  3.8596
 9630      NaN     NaN       NaN     NaN    0.4568  2.7358    2.1250  0.8497    4.1989  3.8590
 9640      NaN     NaN       NaN     NaN    0.4443  2.7314    2.1253  0.8503    4.1985  3.8587
 9650      NaN     NaN       NaN     NaN    0.4321  2.7264    2.1252  0.8501    4.1977  3.8570
 9660      NaN     NaN       NaN     NaN    0.4190  2.7217    2.1253  0.8500    4.1965  3.8568
 9670      NaN     NaN       NaN     NaN    0.4069  2.7165    2.1252  0.8499    4.1960  3.8559
 9680      NaN     NaN       NaN     NaN    0.3951  2.7116    2.1247  0.8501    4.1953  3.8545
 9690      NaN     NaN       NaN     NaN    0.3825  2.7068    2.1250  0.8504    4.1941  3.8538
 9700      NaN     NaN       NaN     NaN    0.3701  2.7016    2.1245  0.8504    4.1933  3.8531
 9710      NaN     NaN       NaN     NaN    0.3576  2.6972    2.1245  0.8498    4.1927  3.8526
 9720      NaN     NaN       NaN     NaN    0.3453  2.6915    2.1250  0.8504    4.1910  3.8515
 9730      NaN     NaN       NaN     NaN    0.3329  2.6872    2.1255  0.8500    4.1904  3.8505
 9740      NaN     NaN       NaN     NaN    0.3202  2.6823    2.1247  0.8499    4.1901  3.8496
 9750      NaN     NaN       NaN     NaN    0.3083  2.6769    2.1247  0.8499    4.1886  3.8490
 9760      NaN     NaN       NaN     NaN    0.2963  2.6723    2.1248  0.8503    4.1884  3.8481
 9770      NaN     NaN       NaN     NaN    0.2837  2.6674    2.1245  0.8499    4.1871  3.8473
 9780      NaN     NaN       NaN     NaN    0.2714  2.6621    2.1252  0.8504    4.1863  3.8462
 9790      NaN     NaN       NaN     NaN    0.2590  2.6572    2.1248  0.8496    4.1855  3.8452
 9800      NaN     NaN       NaN     NaN    0.2463  2.6519    2.1253  0.8501    4.1844  3.8447
 9810      NaN     NaN       NaN     NaN    0.2342  2.6475    2.1248  0.8495    4.1836  3.8438
 9820      NaN     NaN       NaN     NaN    0.2222  2.6418    2.1255  0.8502    4.1824  3.8425
 9830      NaN     NaN       NaN     NaN    0.2100  2.6373    2.1255  0.8504    4.1819  3.8419
 9840      NaN     NaN       NaN     NaN    0.1967  2.6321    2.1248  0.8497    4.1802  3.8402
 9850      NaN     NaN       NaN     NaN    0.1848  2.6269    2.1253  0.8498    4.1798  3.8396
 9860      NaN     NaN       NaN     NaN    0.1728  2.6221    2.1254  0.8498    4.1792  3.8386
 9870      NaN     NaN       NaN     NaN    0.1598  2.6172    2.1249  0.8501    4.1777  3.8378
 9880      NaN     NaN       NaN     NaN    0.1476  2.6111    2.1247  0.8503    4.1765  3.8368
 9890      NaN     NaN       NaN     NaN    0.1356  2.6065    2.1246  0.8502    4.1760  3.8356
 9900      NaN     NaN       NaN     NaN    0.1231  2.6016    2.1247  0.8501    4.1748  3.8348
 9910      NaN     NaN       NaN     NaN    0.1110  2.5968    2.1254  0.8503    4.1742  3.8339
 9920      NaN     NaN       NaN     NaN    0.0983  2.5907    2.1252  0.8503    4.1734  3.8334
 9930      NaN     NaN       NaN     NaN    0.0857  2.5862    2.1253  0.8496    4.1717  3.8321
 9940      NaN     NaN       NaN     NaN    0.0740  2.5808    2.1246  0.8500    4.1706  3.8307
 9950      NaN     NaN       NaN     NaN    0.0618  2.5757    2.1249  0.8498    4.1696  3.8297
 9960      NaN     NaN       NaN     NaN    0.0491  2.5710    2.1255  0.8497    4.1687  3.8294
 9970      NaN     NaN       NaN     NaN    0.0370  2.5657    2.1252  0.8503    4.1680  3.8282
 9980      NaN     NaN       NaN     NaN    0.0247  2.5603    2.1255  0.8504    4.1673  3.8269
 9990      NaN     NaN       NaN     NaN    0.0122  2.5554    2.1254  0.8498    4.1665  3.8255
10000      NaN     NaN       NaN     NaN    0.0003  2.5501    2.1250  0.8496    4.1651  3.8248
